-0.160612192000357
0.0857163699996448
-0.576302120400356
9.81597996485562e-05
-0.230277916100349
-0.219793279200360
-0.641723692900357
-0.105511424800355
-0.270311437400352
0.0811039889996437
0.0681616975996491
0.0604204499996399
-0.458810940000348
0.260334789899645
0.323448507099641
0.226940240699648
-0.182862829400349
-0.0865424781003554
-0.155062365700360
0.0674721672996412
-0.226541895500347
-0.833845097000349
0.147005062199653
0.0132330504996503
-0.551710383300360
-0.0367092829003468
-0.469513723700359
-0.277292169100349
-0.159047764400356
-0.745408530500356
0.0338642479996452
-0.0133136227003519
0.0300262481996469
-1.31185781800035
-0.880842655000350
-0.0162043400003569
0.112739898399653
-0.528249125900359
0.169450140799640
-0.788322990300358
0.0143602915996439
-0.187509402000359
-0.610068573500357
-0.611594518900347
0.207188234099647
-0.554773497100356
0.284750013899640
-0.282376649600351
-0.353040817100350
-0.204812631000351
0.0377923426996460
0.156820552899646
0.107794281799642
-0.343038397300347
-0.257296692200356
0.338846301099650
-0.197146318600360
-0.165739611900349
-0.102855992800357
-0.115632718300347
0.193609477999644
-0.391743137000347
-0.448818994500357
0.228391540299640
0.127066637999647
-0.107393980800353
-0.130268715900357
-0.130925464500351
0.0386641110996493
0.0504128301996474
-0.0791383952003599
-0.554987329600351
0.0773084475996484
-0.129402686200351
-0.0748118779003590
0.0552152544996432
0.0717626993996419
-0.474863434300360
-0.257053918400359
0.221208518899644
-0.451893928800359
-0.0977633720003581
0.166900078999646
0.0976448856996512
0.241975665899645
0.216168900499653
-0.206875670900359
-0.436027857600351
-1.20778045420036
-0.0170043151003512
-0.233466548900353
-0.312014829300352
0.113195318199644
0.0228616827996433
0.0385982255996424
-0.0909899311003528
0.0872312527996400
-0.176776654100351
0.235024443799645
-0.0323796651003505
-0.0322989508003531
-0.0820219623003595
0.0218429786996524
0.130846755399645
0.147058010999643
0.158804951899640
-0.0940594703003512
-0.0727617503003586
0.211961985399640
0.152395976299644
-0.136544283900349
0.0934359527996520
0.00851122869964627
-0.279014952500347
-0.0337621729003530
-0.766076879900353
0.0106911115996411
-0.219815522500355
0.0627218736996440
0.0887267819996396
-0.139246666200350
0.0951826502996482
0.00680905889964834
-0.186674914100351
-0.328469531300357
-0.158327776000348
-0.314280039200355
0.325755893499647
-0.120261865600355
-0.151638978000349
0.135159757399649
-0.212525448500358
-0.0431886193003521
-0.138638621800354
-0.723548613900348
0.239448150699644
0.00666699839965190
-0.356370594600350
-0.511918935700351
-0.185091783900347
0.0386749269996471
-0.0165130642003533
-0.109947416000352
0.188375525399650
-0.302162055200355
-0.152667423400359
-0.00300723210035869
-0.00302580550035714
-0.0809352255003546
-0.00944275510035197
0.148422805999644
-0.113729303600351
0.0781192842996461
-0.399325181900352
0.106016774699640
0.369033353299642
-0.369360408600357
-0.420722922000351
-0.569994107800355
-0.506917223000357
0.188510747399647
-0.833935332500360
-0.0850238466003503
-0.356823488800359
-0.153752693500351
-0.117195951300360
-0.260938387900353
0.0405050207996425
-0.0828751072003513
-0.0744492502003595
-1.25201836290036
0.137113712699644
-0.815713144200359
0.228400989799653
-0.119914290800352
-0.799501741100357
-0.168039932400347
-0.523249320000360
-0.706827684900347
-0.0154398190003491
0.121272168999653
-0.498705695900355
-0.219885385900355
-0.359284841800360
-0.258432845800357
0.0773482360996525
0.189826704899644
0.196433396799648
-0.0814592828003526
0.0489851473996481
0.199948944699642
-0.610071809600356
-0.00769234670035246
0.186805919099641
-0.713050051300357
-0.632543458800356
-0.541195288600349
0.0234749303996438
0.143692175599639
0.176198978899649
-0.0676533505003505
0.179058957599651
0.245037797299645
-0.797408587300353
0.0107071385996420
0.125852863299642
-0.0587353294003492
-0.0914218508003586
-0.652953778800352
0.229946284399645
0.224225721599652
-0.00390351140035250
-0.183837783800357
-0.440950669300349
0.167355599899651
-0.130285525100348
-0.464227289600359
0.356206629099646
0.0498558365996473
0.0141066567996404
0.170284452799649
-0.103947556800350
-0.204753362800361
0.0229395593996458
-0.193574734300356
-0.372872390800353
0.0109976430996426
0.0837659168996510
0.135824117099645
0.245971128199642
-0.411451875900355
-0.0353389383003560
0.0691387722996524
-0.258535664700347
-0.327829661100353
-0.654084632600359
0.00494528799964655
0.0911111617996454
0.114511605899651
-0.906518124900359
-0.0668027036003593
-0.622933212000348
0.00704952069965259
-0.0355301570003519
0.103291681199650
-0.105931965100353
-0.960971817900358
-0.623423331600350
-0.378971906600356
0.0687257375996495
-0.0151025557003521
0.204346651699652
0.346628451399653
-0.519850555300351
-0.754801291800348
-0.108195705500350
-0.313260447100348
0.204366228199646
-0.316637149600354
0.0296991608996535
-0.221088405000359
0.186236511999653
0.182129272799642
0.145194182799642
-0.313359247800349
-0.151857941400351
-0.468241399700347
0.0451865645996463
0.0824823623996451
0.0660332445996517
-0.270713727000356
-0.00189279580035873
-0.127221287900355
-0.375532826300358
0.228480622099653
0.201864414499653
-0.00861927090035408
0.0573168259996493
0.136140853599642
0.179432198599642
0.233311459599648
-0.118875428300356
-0.0116568633003595
-0.0945498996003522
-0.789197507000353
-0.0956160875003604
-0.0562868930003475
0.180920300199645
-0.133547977800347
-0.0480210719003509
0.235699086199645
-0.630951626100355
0.156216932899653
0.227470316599650
-0.769994800500356
-0.689885330300356
-0.113858777800360
