0.0122156263816164
0.0146907688616165
0.0137833395716165
0.0248293247816165
-3.24146983834428e-05
0.0190806351916164
0.0159974800116165
0.0181797895816165
0.0278820792716166
0.0131548655916165
0.0182584542016164
0.0134526020116166
0.0285163247016165
0.0241349809016165
0.0298965331416166
0.0162510274316166
0.0196375240216164
0.0178554769516164
0.0229363131416165
0.0251833237816164
0.0167417769316165
-0.00359452082838363
0.0108870525316165
0.0168678814216166
0.00344156151161656
0.0171284808416166
-0.000955548748383439
0.0263553637516165
0.0100446174516164
0.0198909674116166
0.0319731398616165
0.0254207616116164
0.0209255288716164
0.0170320977516165
0.00788060696161641
0.0219292409716165
0.0288439436916164
0.0203510198916164
0.0184996965916164
0.0177345242416165
0.0265633229716165
0.0168392634416166
0.0210263446716166
0.00476418198161643
0.0151351498916166
0.0202088368516165
0.0164242301416164
0.00610332685161641
0.0111173854816164
0.0201103521616164
0.0159054122716165
0.0220938347216164
0.0166962356716165
-3.25538483836318e-05
0.00777661255161655
0.0270019794816165
0.0248417223716164
0.0302382903316165
0.0206813344316166
0.0292091688516165
0.0205432227116165
0.00678522323161657
0.0148891198916166
0.0235365647916164
0.0295540377916164
0.0188796407516165
0.0171133989916166
0.00799084876161649
0.0101249390016165
0.0138977862716165
0.0123689295616165
0.0126250934216166
0.0135020998016164
0.0135732554916164
0.00316918710161640
0.0166468086916165
0.0221454549116165
0.0213245472216164
0.000651992861616435
0.0213404838816165
0.0151419567116164
0.00965399663161648
0.0135633636416164
0.0235701499816166
0.0215956930116166
0.0217025905516164
0.0217884053316164
0.0154187858416164
0.0131770977116166
0.0222584023516164
0.0169871940116164
0.0139233313016165
0.0192287357816165
0.00663969735161651
0.0114302229416166
0.0127920083316164
0.0200886860616165
0.0179541870716164
0.0216656334816165
0.0182605987716165
0.0189931216816164
0.0149298292016165
0.00296868166161657
0.00957539145161657
0.0261843628116165
0.0191711542416164
0.00635008308161655
0.0297093396216164
0.0268379335916165
0.0272313680816165
0.0255448975816164
0.0157911140016165
0.0114470893216165
0.0233928601016165
0.00450519633161650
0.00775457451161654
0.0204963804216165
0.0189983831116165
0.0168901233216165
0.0252656163616165
0.0233322851116164
0.0241866822116166
0.0287806438116165
0.00610133766161636
0.0125415475016164
0.0259726733516166
0.00284084417161656
0.0230664806916165
0.0271140733416164
0.0193199131916164
0.0228779165816164
0.00859177863161653
0.0114981668416165
0.0175169825116164
0.0114506038916165
0.0215646406916166
0.0231125935416165
0.00918942118161636
0.0198083213816165
0.0169967568816165
0.0151186298516164
0.0241002739716165
0.0254705403816164
0.0255516074316164
0.0152655031316165
0.0220770515716164
0.0141657586416164
0.0259155084416165
0.0113392318916166
0.0220978463616164
0.00774679686161650
0.00830942652161637
0.0156064058016165
0.0143413043716165
0.00971552474161652
0.0345030929916164
0.0102544837516165
-0.00159376232838349
0.0255343156316166
0.00119915685161653
0.0196421930916164
0.00667168171161636
0.0198410612916164
0.0162479512516165
0.00516724100161636
0.0284449183516164
0.0224466167116164
0.00639069841161644
0.0150576056316165
0.00939763693161644
0.00344861883161651
0.0113870214116165
0.0124317232016165
0.0152812392516164
0.0165204418116165
0.00482198616161655
0.0283000558516164
0.0147358345116164
0.00883798095161636
0.0255643211616166
0.0242283934016165
0.0113250260116164
0.0180789978916165
0.0188760201916165
0.0238755705116165
0.0233591983616164
0.0234189834016165
0.0310439346516165
0.0166708727216165
0.0164872309516164
0.0263329180816165
0.0148357126516165
0.0211482018116165
0.0224380985616164
0.0249591763416164
0.00405692644161637
0.0179878403016165
0.0157437142116166
0.0144035791716164
0.0161202536316165
0.0230979560416165
0.0219001596816164
0.0312828862916166
0.00522723696161642
0.0100454717616165
0.0116917986316165
0.00703813176161638
0.00431571399161657
0.0210640800516164
0.0200524240916165
0.0186763940116164
0.00893885418161644
0.0148126411216165
0.0182476760816164
0.0258004906916165
0.0264555133916164
0.0248247398516164
0.0317256135516164
0.0250922849216164
0.00571727170161651
0.0203305447916164
0.0178166308416166
0.0101999167716165
0.0132895903816164
0.0189222254316164
0.00134470305161649
0.0328052245716164
0.0125988562216164
0.0143972504916166
0.0203170778216164
0.0131297831816164
0.0201593825716164
0.0267473712416164
0.0180681136116165
0.0150790662616165
0.0126824011916165
0.0170898609516166
0.00850805003161637
0.0157115733516164
0.00436610931161652
0.0171383462916164
-0.00111183250838343
0.0121109870016165
0.0170193732816164
0.0208068850816165
0.0133378273716165
0.0196381376716164
0.0119176604016165
0.00985492981161640
0.0133449717416165
0.0264425902116165
0.0233129497816165
0.0235754819516165
0.0154291159716164
0.00808624891161647
0.00812830773161655
0.0183040586016165
0.0215954381716166
0.0208109823116165
0.0234249137216165
0.00311018585161649
0.0107474067716165
0.0253751453216164
0.0186353309016165
0.00433205301161643
0.0158469030716164
0.0108726547016165
0.0105768182916164
0.0140529821716164
0.0287675642616165
0.0120674493116164
0.0266041605916165
0.0256933444516165
0.0176828890316165
0.0261321629316165
0.0236852264916165
0.0150757479016164
0.0149371275716164
0.0220170820616166
0.0222687914916164
0.0254608574916164
0.0177867376816165
0.0290200203416164
0.00822657123161652
0.00729032012161657
0.0254492274316165
0.0192845436616165
0.0176269823116164
0.0132581075416165
0.0154577949016164
0.0250093270116165
0.00896696521161644
0.0227507128016164
0.0187097526416165
0.00595667781161646
0.00745275747161656
0.0230547900416165
