0.00199940329101977
-0.00563219770898016
0.00433769996101985
0.0100900645610198
-0.0204573514789803
-0.00437729853898028
0.00639688033101971
0.00388361504101975
0.0145321979210198
0.00118561927101979
-0.000695874878980263
-0.00512541939898026
0.00329223026101988
0.00820707687101985
0.0105502342210198
-0.00148134327898020
-0.00471997976898031
0.00511399751101971
-0.00356900680898020
0.00959742479101977
-0.00813661815898015
-0.0117501104589801
-0.00547927825898009
-0.00735860398898014
-0.00579817036898023
0.00319175353101975
0.00199940329101977
0.0147864230110197
-0.0151344104489801
-0.00837087226898015
0.0104964679510198
0.00950634205101975
0.00618955405101973
-0.0128484070489803
-0.00102920048898025
0.00812404559101987
0.0115696290810199
-0.00652691047898024
-0.00217650197898012
0.00808617672101986
0.00188194118101981
0.00549210957101987
0.0105774003710197
-0.00493599287898028
-0.00276901996898027
-0.00421955231898030
0.000969332631019837
-0.00568429748898014
0.00765945901101972
0.00155269069101971
0.00626777624101971
-0.00184847339898031
0.000392828011019697
-0.000814023678980202
-0.00956896563898013
-0.00217683245898015
0.00779066307101983
0.0124329716510199
0.0149661044710199
0.00907142458101973
0.0134446216810198
3.55687610198441e-05
-0.00405943262898023
-0.0123079023289803
-0.00100967639898020
0.00635868509101978
0.00436869435101972
0.00119077791101985
-0.00759339669898029
-0.00276236856898016
-0.00153110785898014
-0.0102796487489802
-0.0142751646789803
-0.00808297962898030
-0.00844970688898017
-0.0104238173789801
0.000964401451019725
0.00639166167101979
-0.00706883105898015
-0.00940600211898013
0.00448634158101990
0.00481962528101976
-0.0122179539489802
-0.00152242365898014
0.00748962846101975
0.00184010931101986
0.00429377847101975
0.0105402843410198
0.00607896415101972
-0.0155620897489801
-0.00123478824898027
0.00585506744101982
0.00408182454101991
0.00171754349101971
-0.00523401637898013
-0.00700876543898010
0.00480228960101981
-0.00336150581898020
-0.000156016278980209
0.00309893088101987
-0.00265511112898009
0.00116079829101978
-0.0117556442589801
-0.00678393441898018
0.00654277954101978
-0.00380316874898012
-0.00557478120898014
0.00758327384101976
0.00823886724101985
0.00363014295101971
-0.000151588888980259
0.000545502541019705
-0.00444585167898026
-0.00211463160898018
-0.0138219190789801
-0.000937343988980155
0.000547476171019801
0.00147099523101990
-0.00513748340898013
0.00650108346101974
0.0111609557810197
-5.72070589801577e-05
0.00535043848101990
-0.00408628049898030
0.00273638825101985
-0.00146609382898011
-0.00638035547898030
0.00521718076101974
0.000672735661019885
0.00703666895101973
0.00486488285101983
-0.00162752339898020
-0.00287399003898026
0.00523369499101989
0.00239611826101971
0.00762333937101989
0.000236346561019785
3.57662010197490e-05
0.00961621563101978
0.00238459715101991
0.000687403371019801
0.0113567235310199
0.00101817999101983
0.0122529993610199
-0.0124690857589802
0.00959226930101975
-0.00789637721898018
0.0104556203210198
-0.00292608299898012
0.00195435672101985
-0.00581282459898014
-0.0120106998389802
0.000259829711019899
0.00485163254101972
-0.00404087298898026
0.0147535545410198
0.00107468964101987
-0.0106982350989802
0.0139956468110198
-0.00796775583898013
-0.000311025878980242
-0.00209710074898029
0.00784670811101984
0.00535978201101983
-0.0158620130189802
0.0100739171710198
-0.00286843749898025
-0.00947408774898029
0.00271631123101979
-0.00422248172898021
-0.00496535289898015
-0.00854136164898023
0.00341045770101989
-0.000256532378980268
0.00570404074101982
-0.00984309224898028
-0.00448486665898029
0.00326772378101969
0.00552195948101986
-0.0195891642489803
0.0110356505510198
0.00336501321101990
0.00139275468101974
0.00710721510101986
-0.00820175374898025
0.00903967500101977
0.00462029378101980
0.00781955683101976
0.00770532689101988
0.00376794400101987
0.00268371801101974
0.00816802404101980
-0.0136858307589802
-0.00188002698898027
0.00353812721101976
-0.00325109840898019
-0.00522242221898028
-0.0101727812389802
0.000748333771019905
-0.00471521940898012
0.00763822908101974
0.00988154761101989
-0.00236565273898015
-0.00526157569898023
-0.0135613903689802
-0.0112310509689801
0.0102031623110197
0.00137012611101972
-0.00730447521898014
0.000885117821019854
0.00848330146101972
0.00556387005101988
3.18348410197622e-05
-0.00151990898898013
0.0114741283210198
0.00777937869101986
-0.0114204983589803
-7.39626389802961e-05
0.00503249557101970
-0.00143002132898018
-2.63761789802697e-05
-0.00457901978898012
-0.00816798908898031
0.0172791290510197
-0.00990803541898022
-0.000881084288980150
0.000128272781019900
-0.0122074280589801
0.0111629220710199
0.00406028329101971
0.00567022963101982
-0.0129720352989802
0.00493849283101988
-0.00592881747898022
-7.92915689802332e-05
-0.00447728164898020
0.00584146059101975
-0.0102785902789801
-0.00131068412898028
-0.00524405460898025
0.00127051885101981
0.000371788911019744
-0.00905522948898030
0.00224100110101988
0.000629635311019783
-0.00140579527898010
0.000847102121019905
-6.02520189803002e-05
0.00208786196101984
0.00398865233101975
-0.00118173101898011
-0.00273535772898015
0.00518267323101984
0.00585918399101981
-0.00647382364898030
-0.00147167852898011
-0.00756346501898020
-0.00407269193898019
0.00153894575101976
0.000488364311019840
-0.00592270875898016
-0.0101012787089803
0.00117821330101986
-0.00783938070898027
-3.71661889801977e-05
0.0137686375810198
-0.0127857293489801
0.00408380157101984
0.00171082004101986
-0.00563807645898029
0.00893027174101979
0.00370572800101976
0.000286462991019754
-0.00902168126898029
-0.000134243168980142
0.00269780771101980
0.00563683743101984
0.00241936747101978
0.00347277853101979
-0.00341736760898015
-0.00148180134898013
0.00133381580101988
-0.00286852857898023
0.00245145992101969
-0.000592936688980306
0.00111912892101973
0.00811107927101973
-0.0185693586489801
0.00262220491101983
-0.00355111503898020
-0.000944942378980240
-0.00335525108898027
-0.00198487840898021
-0.00157205785898018
