0.256276171141451
-0.363845637358551
0.480741006141457
0.516192614841458
-0.802373784558540
-0.662360677358549
0.407199841441454
0.331320861641458
0.464734378141458
0.758684347241456
-0.0254721639585398
-0.121576917458540
-1.10423804505855
0.500411370441455
0.303673389941451
0.254041453841452
-0.726133630258545
0.543432376341457
-0.974782804858549
0.368555752241448
-0.896609957058544
0.279441813941460
0.216076139941450
-0.659585345858545
0.379522812941460
0.362208635041455
0.256276171141451
0.641688513641455
-1.14262148125854
-1.70978392205855
-0.162744862858546
0.369000589041448
0.438426129641456
-2.52971809575854
0.231869784241454
0.544999542941454
0.319270245041452
-1.38329766245855
-0.203831439558542
0.289816117341459
-0.553768225058548
0.583367910941448
0.422724107341452
0.360722428741454
0.174905540141452
-1.07695518035855
0.445948988441458
0.266476246241453
0.341338642941452
0.686858237241452
0.252271326841452
0.0333389747414543
-0.242190965558549
0.199903648641453
0.555950182941459
0.628120917441450
0.232975246241452
0.611140239341452
0.344616630941459
0.652002801841448
0.352148538241451
-0.0484653583585413
0.397946064041449
-1.51223051875854
-0.440508898058553
-0.203849589458542
0.358709136041455
0.186087116641460
0.00913163914145798
0.533076910941460
0.223851804141447
-0.743373820758549
-1.58642752015855
-0.365777606458551
-0.620633917358546
0.201301065041449
0.250421723241459
0.397111271741451
-1.58119691095855
0.520215741941456
0.328992522841460
0.536422690541457
-0.562182262958544
0.379175852741454
0.397586339441460
0.128896831541454
0.247122278741458
0.636742037041458
0.644466501341455
-2.41760071125854
-0.549891806058554
0.567181987841451
0.689968373741451
0.110468165241457
0.533784133841451
-0.0698424004585405
0.444768680841449
-0.568662082658548
-0.127807400558552
0.322230715841457
-0.427450287858548
0.267148971041451
0.157433461941451
0.0609235159414538
0.0457411815414588
-0.300467696458540
0.444677493641450
-0.341785132658544
0.176029549741457
-0.277991398158548
-0.833354280358549
0.408185396741459
0.120690126041453
-0.928423647458544
-0.181869008958543
0.348632501041450
-0.202537475458541
-0.103185072958553
-0.371575976858551
0.0874460658414478
0.588570188441452
-0.435202243358546
-0.374068292158540
0.640866490141448
0.641263138341458
-1.04502636535855
0.643733631641453
0.373725582141446
-0.879078279858547
0.537801790441449
0.126909191941451
0.615960391141456
0.319875332941450
0.596081769241451
0.375130136441456
0.689234957441457
-0.363759291858543
0.665396020441449
0.537836140841449
0.277221589841460
0.453636241141453
0.699708128141452
-0.627272532558550
0.776720500641460
-1.46960718755855
0.554402615041454
-0.426970212058549
0.422760707441455
0.207992930341447
-0.153452522658540
0.461379946141449
-0.490217445858548
0.341163987641451
0.618221690941454
0.517798221041460
0.330763432541460
0.704019951841460
0.553505066741451
0.383127597541460
0.482340837541457
-0.0331424087585503
0.286145072141451
0.587805603541455
0.503702445441448
-0.748351713658551
0.0669122228414523
-0.942087945958548
0.0700230314414512
0.549148236141448
0.337611812341450
-0.0951158291585443
-0.200826629958542
0.279825197241451
0.403035519741451
0.442949980641458
-1.12296748455854
0.269490266241448
-0.753573887058550
0.596717381341449
-2.04486147475855
0.414472441741452
-0.136294271858546
0.478017208641447
0.667720207341446
-1.32687789475855
0.226870716041446
0.0921986363414504
0.445363590941454
-0.212770003458544
0.515810322341451
0.544627443041449
0.224357418641446
-1.76637806685855
-0.547824840558548
0.117955431341457
-1.71304524865855
0.407925987041452
-1.60469148565855
0.285158493341456
-0.0762596801585431
0.233423898441458
0.0765203901414537
0.531396523641448
0.112772222341448
-0.561297779858549
-0.0324684553585399
0.341865498641454
0.151783735741446
-0.00269615875855322
0.257016026841455
0.591787763541447
-0.0175939578585513
-0.873268441558551
-1.17880091995855
0.249389231341453
0.196357714541449
-0.108783986558549
-0.000135137658546114
0.505945420041456
0.453945836541450
0.479304696541448
-0.709522052258549
0.519946743041459
0.507072532541457
-0.449838213958543
0.345250715641456
0.0353489267414489
-1.19979342625855
0.486814430241452
0.244812567741448
0.733526804641457
-1.54660822275855
0.636574181841453
0.285536330441460
0.232431428441458
0.198648646841448
0.671290873041457
0.370150963941455
0.454630205141456
-0.511991171558549
0.0183651097414526
0.311236201741451
-2.02496341065854
0.396086582241452
0.670502897941447
0.332086532141460
-0.707512324958543
-0.300969219258548
0.0355898174414477
0.338563283941454
0.317886279241449
0.602268408141455
0.313343312441447
0.525512051241449
-1.24472555365854
-0.591972573358547
0.472127712041456
0.378412080641454
-0.320452772158546
0.0586669717414594
0.511397554041452
-1.11707985325855
0.520507930341452
-0.151282177958549
0.428098901641448
0.560123891141458
-1.08261359075854
-0.346587552558546
-0.642031747258542
-0.879830521658548
0.363145013341452
0.00490030994144775
0.347803887941453
-0.554796103258553
-0.316777368558547
0.107234524741457
0.114199386941451
0.239913028741455
-0.649959703958544
0.509172174241456
0.314370192841452
-0.599369367658554
-0.498788926658548
0.385221540841457
0.272346746641446
0.314348586441454
0.342489963241448
-1.78617791515855
-0.0710087499585512
-0.361884983458552
0.0305138663414510
0.289515369941455
0.337555098541458
-0.698993744958543
