0.0178434546938036
-0.374148458406197
-0.00649992780620323
-0.0484333952062030
-0.00773834430619047
-0.0479345265061966
-0.191648779306192
0.230077895193801
-0.00593323160619264
-0.178941884506202
0.0231561492937971
0.0507803589938050
0.308283190393809
-0.428931631406201
-0.278564590706196
0.0573443903938085
0.00545819339380671
0.0734062956938004
0.151136827293797
0.228770482893808
0.205080393693805
-0.0825149102061999
0.0533734867938023
0.0113116499938002
-0.227657524406197
-0.379320328906189
0.249812734293798
-0.535659472106190
0.458614210593808
0.102009952393800
0.237936620593800
0.0424350675938001
-0.0901609623062001
0.123496396493806
0.181341115693797
-0.399238134206200
-0.358085463706203
0.00558822559379735
0.257542014893801
0.173524297793804
0.0215782886938030
0.439862653693808
0.113894398393811
-0.314528413206190
-0.437643591506202
0.314983835993800
0.0679120236938076
0.0824363317938008
-0.317953040606199
-0.0839572710061987
0.0939064842937967
-0.609336100506198
-0.364736156006202
-0.0729346415061940
-0.310582913306192
-0.544524484606200
-0.0296793542061948
-0.116701574906202
-0.0987153853061926
-0.144302643006199
-0.129889301306193
0.334733276893800
-0.106269626506190
0.177784759893797
0.106279337793808
0.228361830693800
-0.237485661106192
-0.0658155972061962
0.103696058893803
-0.206678495106203
-0.244102501106198
0.653722522193803
0.186534751993804
-0.0537190501061957
0.0402664206937970
-0.162899125106193
0.0905990533938024
-0.291780703206200
0.0361036155938024
0.235605682293809
-0.0473387124062015
-0.206828721206193
0.218213133193800
0.157579149793804
0.455939510693810
-0.0593128176061981
-0.667540288106196
0.143274271693798
-0.131716723806193
0.349752696693798
-0.487277709806193
0.205885424793806
-0.0236621524062031
0.408665242293807
0.137924393093797
-0.204405263506203
0.0110925831938005
0.463586202793806
-0.316343428106194
-0.0610054734061976
-0.538938706006192
-0.00832585390620011
-0.268578468606194
0.192952178593799
-0.168671904806203
0.276667913493810
-0.0777719651061943
0.215962734993809
0.198058098493803
0.0243808262938074
0.183154102993797
-0.128668808506191
0.121796255293802
0.194046689393801
0.264334180093798
-0.188258120706195
-0.178513518306190
0.0835998057938099
-0.0686317068062010
0.144398047593810
-0.176802934006190
0.126930275693809
0.421223181493801
-0.311847200406191
-0.245470536006195
0.318835378793807
0.0450906856938076
0.167498370693806
-0.0552924331062030
0.180580581693803
-0.223478830406194
-0.0546350261061974
-0.225194704806199
0.0204725325938000
0.426523044293802
0.257160944693808
-0.454366466106194
0.403944554493805
-0.0572348117061949
0.0857875066938050
-0.302702647306191
-0.449591877006199
-0.713684867106196
-0.106035935406197
0.351994539793807
0.0698596920938002
-0.0338720235061913
-0.0707695528061976
0.125100463193803
0.0863674092937998
0.238386721193805
0.0645662597938070
-0.190615312906203
-0.0955731159061912
0.342731112793800
-0.134059518906199
-0.530317780006200
-0.345659583106198
-0.113698550606202
0.365102992493803
-0.0668331625061995
0.0849636496938047
0.0631593364937970
0.133936939193802
0.238969374093799
-0.122876732206194
0.256852794693799
-0.177208826806194
-0.0710840855062003
0.442355457793809
0.406403241093798
0.583535571193806
-0.0338141220061914
0.242737029193805
-0.0168321563061937
-0.492616911006195
-0.0612199420061899
-0.0185687964061998
-0.233271179706193
-0.0916681279062033
0.0160740375938104
-0.308251068506195
-0.417940248106191
0.420686109793806
0.126057702393808
-0.132978539506198
-0.103374140706194
-0.224929605806196
0.102702616793806
0.0542535229938039
-0.0932529425061972
0.327533186393808
-0.292502508806194
0.0146043773938089
-0.185090502806190
-0.448601586206195
-0.220072094706197
-0.627927989306201
-0.0334751475061950
0.0957765944937989
-0.173018660506202
-0.0525942022061940
-0.0458022988061941
0.204147394193811
0.0827051276937993
-0.0357057001061918
0.0666309480938025
0.405935443393801
-0.0627619736062002
0.190328981193801
0.336006673693802
0.0302322364938021
-0.0449362452062019
-0.104600434906203
0.120282024293800
-0.137323879906191
-0.202294659506194
0.0367720877938069
-0.0169660063061912
0.301063036193810
-0.0360743980061926
-0.316799626306192
-0.169651569506200
0.0249923172938082
-0.185222766506200
-0.577403763906190
0.312654385193810
-0.366899889706190
-0.222547001806191
-0.0715969820061986
0.224003652893799
0.0172418254937980
0.0522243548938093
0.0338929157937997
0.211502580093807
0.207649353493807
-0.285556051806196
0.666364582393797
-0.101784262306197
-0.246819126906203
-0.413576589106199
-0.0166757779062010
0.0721403600937975
-0.159858713606198
0.196972927393801
-0.000914012506200379
0.0368868841938053
-0.116854093606193
-0.115082985406190
0.0504975134938093
0.268080964493805
-0.253801777706201
-0.254609287006190
0.354131178593804
0.176232797093803
-0.162080477306191
0.333586407993806
0.0676065165937985
0.0203735023938094
0.240913638293804
0.0893736024938079
-0.0731489531061982
0.0305215842938082
0.199262787593810
0.142749168293804
-0.0601622187061963
-0.358224704306195
0.179588973493807
-0.197478682906194
0.0852204410938100
0.0558356276938099
0.0576720432938060
0.231658159093797
0.119671147793810
-0.307911543606195
0.0959466925937988
0.426962728793811
0.118498185193801
0.103113594893799
-0.0328637159062026
-0.0577862004061984
0.0330303491938082
-0.319723258606203
0.172441897793803
0.580045446893806
0.109998897393808
-0.00604373980620210
0.412335850493804
0.153355155893806
0.0229440445937996
-0.223869888506201
0.0303222119938056
0.228448923193810
0.142614293493807
0.158368305593797
0.173933775093801
0.232172516393803
0.267347866993802
-0.400958685206192
0.292999095693801
-0.0549681580061900
0.168469020193797
0.538656451593809
0.170811295093799
0.0860158412938006
-0.279359893206191
-0.0467260641061955
-0.385803295806198
-0.177277891206202
-0.531583632606200
0.257390854893799