0.000152026593408294
-0.00119443351659165
0.000948236483408360
0.00232693027340836
-0.00488060278659153
-0.00420572002659170
-0.000615190516591646
-0.00196148635659155
-0.00134717549659169
0.00114660925340848
-0.00222422695659152
0.000423357143408465
0.00491619774340846
0.000700046413408373
-0.00146515168659156
-0.00379952588659171
0.000901014303408276
-0.000986799406591521
0.000543855513408298
0.000277285343408318
0.00396552605340839
-0.00472327079659163
-0.00100506157659153
-0.00126295705659163
-0.00138728939659161
0.000269486643408312
0.00190507963340836
-0.00262977908659168
0.00216526291340835
0.00216981163340835
-0.00178344282659171
-0.00188135639659159
-0.00239965437659162
0.00441948297340833
0.00785873377340840
0.00221587993340844
-0.00268042614659159
-0.00186445428659154
-0.000103358886591520
-0.00240703894659156
0.00110227901340831
0.00440092744340848
-0.000486672976591551
-0.00357504213659166
-0.00644368285659169
0.00373038883340837
0.00252876982340844
0.00245710695340828
-0.00281875093659156
0.00147069802340827
0.00121232104340829
-0.00262838969659152
-0.00360612514659153
-0.00358169458659163
-0.00210907475659172
0.000485398213408317
0.00307723927340842
-0.00269749941659159
0.000107352433408314
-0.00353933273659157
0.00154865564340834
0.000292796393408290
-0.00298914837659159
6.73637934083260e-05
0.00699218198340845
0.00378771373340836
-0.00408581900659155
-0.00181793683659159
0.00369274592340840
0.00176362208340830
0.00151024775340836
0.000472492573408312
-0.00190766820659172
-0.00281285898659167
-0.000416529026591617
-0.000515575766591558
0.00349098841340845
0.00348482157340846
-0.00185576825659162
0.000479604543408341
0.000134581453408389
0.00195738270340828
-0.00211893828659160
0.00251486483340835
0.00454057385340834
-0.000938869916591534
-0.000735281716591540
-0.000935627926591520
-0.00180186572659169
7.89817634083700e-05
-0.00665975526659168
-0.00127185201659152
-0.00570931244659167
0.00289782130340832
-0.000383856486591672
0.000767953063408378
0.000207595133408400
0.00139323036340833
-0.00314662616659156
-0.000735569536591596
-0.00319382135659163
-0.000988393766591544
0.00251897043340832
0.00379275099340837
-0.00247402362659166
0.00409800935340843
-0.00140621000659169
0.00153327735340847
-0.00191190118659157
-0.00139265088659157
-0.000126100676591578
0.00325757632340840
0.00360684846340842
-0.00350996560659156
0.000725855553408428
-0.000273508976591730
0.000239468673408405
-0.00607682623659156
0.00164358569340828
0.00122662849340838
-0.00423726166659155
0.00718330276340828
0.00214898584340828
0.000437649713408428
-0.00473305940659152
0.000173474083408287
0.00411107153340828
-0.000369337876591658
0.000131417513408394
0.00274481004340843
0.000594339623408269
0.00527553138340831
-0.000265644566591616
-0.000765856316591540
0.000170710963408371
0.00390054714340837
-0.00741425550659169
0.00569071993340842
-0.00301618937659165
-0.00215639922659161
-0.000654742016591658
-0.00437918102659163
-0.00392425583659173
-0.000302293096591688
0.00176194473340829
-1.12683165915950e-05
-0.000561775906591677
0.00140396039340840
7.69023408286884e-07
0.00355314294340836
-0.000634077386591603
-0.00183642834659170
0.00384596311340846
-0.00289996527659153
0.00447606986340832
0.00456814417340845
-0.00222064553659163
-0.00265199032659158
0.00293189029340835
0.00109822028340845
-0.00248065054659152
-0.000547289606591672
0.00351003140340844
0.00421026165340832
0.00176540883340848
-0.000562473246591644
-0.000926863946591583
0.000850091093408389
-0.00187093292659157
0.00544013778340835
0.00347500065340833
-1.44675165916208e-05
-0.00654096432659168
0.00168668749340828
0.00468325790340840
0.000388072273408424
0.00144650581340833
-0.00248120719659162
-0.00707226175659170
-0.00419950184659168
-0.00369437855659172
-0.00255310262659170
-0.00107182724659172
0.00132390644340830
0.00145389453340838
-0.00331098901659166
-0.00169302147659156
0.000784513093408323
-0.000261359556591678
0.00158232606340847
-0.00379133650659158
-0.00299995578659162
-0.00233712365659167
-0.00339483566659160
-0.00289262639659160
-0.00355073721659172
-0.00586114193659171
-0.00498471401659173
-0.00250110154659167
-0.00353109289659170
-0.00255633523659160
-0.00340642345659159
0.00511508879340838
0.000908769803408482
-0.00129067047659159
-0.00315985384659157
0.00438100295340838
0.00422686194340827
0.00155308558340828
-0.00142168780659158
0.00174423271340829
-0.00201694103659156
-6.94891265915487e-05
0.000247528193408453
-0.000699582546591637
-0.00119878032659160
0.00118311264340831
0.000441382663408429
-0.00239805206659161
0.00414507287340848
-0.00397025042659172
-0.00107074340659152
0.00209089679340835
0.00126534705340831
0.00284264824340830
-0.00188991404659156
0.00133535458340828
0.00239477321340842
0.00303755580340837
0.00218857413340845
0.00237145115340831
0.00152437121340832
0.00310986197340846
0.00688142065340847
-0.000732391646591557
-0.00405702155659160
-0.00307583731659156
0.00138628973340849
0.000535763913408482
0.00541314198340848
-0.000113871686591605
-0.00604967097659159
0.00383827914340840
0.000170747083408473
-0.000548962036591716
-0.00222200156659169
0.00164067711340832
0.000826397703408421
-0.00466863876659152
0.00295732294340834
0.000658481683408319
-0.00390361538659167
0.00310227949340836
0.00209437697340831
-0.00166518680659156
-0.00529602066659152
0.000854951263408399
0.000468982123408290
0.00338801851340831
-0.00112673318659162
-0.000159957766591612
-0.00100609801659157
-0.00345876605659168
0.00322922552340832
0.000315747643408360
-0.00714160288659160
-0.00675599894659174
0.00333205255340840
0.00241487900340842
0.00178698352340834
0.00160095275340844
-0.00119663245659152
0.000462826383408332
-0.00283866487659168
0.00235950712340838
-0.000835083546591564
0.00128151953340838
0.000966095703408332
0.00262283978340827
-0.000430819786591652
0.00519543605340833
0.000469015943408424
-0.00398965663659157
9.57115534083730e-05
-0.000184776416591648
0.000826897973408292
0.000767933083408279
0.00510473618340845
0.000562462843408440
-0.00190739692659170
-0.000462793976591547
0.00149009650340837
0.00484253276340829
0.00378808566340827
0.00619682660340848
0.00393524970340842
0.00450556879340835
0.00279305049340839
-0.000203619156591728
0.00380613470340840
0.00302447227340830
0.00148272310340847
-0.00137468144659159
0.00171487853340846
-0.00263416550659157
-0.00434397098659156
-0.000506134806591563
-0.00202382715659155
0.000626411563408480
-0.00325028713659159
-0.00136308692659171