-0.0128033527908116
-0.0479836778908123
0.0204803220091918
-0.0278733721908111
0.0577178329091908
-0.0278219671908175
-0.0136309619908133
0.00702698820919068
-0.0508465647908167
0.100948201109190
-0.00121789259081595
-0.108400508090810
-0.151323891490819
0.0152567617091819
0.0865567738091784
0.0798425553091846
0.0191167520091824
0.00102092730918457
-0.0881342542908215
-0.0189202666908130
0.0691872249091858
0.0657316277091837
-0.00138057889081722
0.0891449102091855
-0.119229211290815
0.0262436074091852
-0.0396803010908116
-0.207582185690811
-0.0572777980908086
0.0115274151091853
0.0178594078091834
0.0744836339091819
0.0776991930091810
0.00459706400918947
-0.0817608420908158
-0.126436560290813
0.0549129762091809
-0.0223562043908174
-0.00524927789081175
0.0640574843091883
0.0338745674091854
-0.146503252290813
-0.00629311389081977
0.0330192541091918
-0.0113336625908147
-0.0325227467908178
0.0110896862091892
0.0321549959091811
0.00266445240919211
0.00336690610917856
0.0312316290091843
-0.0493236880908086
0.0665372256091814
0.0627326533091832
0.0279114206091862
-0.0995467076908199
-0.0424407815908126
0.148349017909183
-0.0727121732908103
0.0750921280091887
-0.00852906099080997
-0.0282578740908122
0.0875683353091858
0.0227717765091882
-0.0746495761908079
-0.0732502190908093
0.0472708391091885
0.0106260153091853
-0.0139246615908206
-0.0351384590908168
-0.0234209503908147
-0.230418045490808
0.0537966617091854
0.00586302440918018
0.0347566573091882
-0.00587710059080848
0.0304654762091872
-0.0372679560908153
-0.00138279349081927
0.0563711457091785
-0.126593861190813
0.107284336009187
0.0307457320091800
0.100675992509181
-0.0190423657908099
-0.0524974920908079
0.0628326250091789
-0.209682769590813
0.103305776409186
-0.198493064490819
0.0493527874091910
0.0207184751091916
-0.0533471343908190
0.0529556681091918
0.00294796240918060
0.105075980109191
-0.0807461887908119
0.0118238976091902
-0.0221946532908106
-0.00395240409081055
-0.176753724190817
0.0397254285091861
0.0950218486091785
-0.0852025225908193
0.0566804639091885
-0.0486826582908151
-0.0599317004908215
0.0456835808091824
-0.119439754890820
0.0419766903091841
-0.0222203391908096
0.0459270587091822
0.140361872209184
0.0840594695091852
0.0102306971091792
-0.0410067237908152
0.0247509101091907
-0.0501129498908171
0.0201297354091849
0.0510355594091863
0.0634109841091828
0.0379115693091876
0.0154835638091839
0.0890070555091853
-0.0774330448908103
-0.0696353865908179
-0.0459903623908104
0.0821446132091808
-0.0894425454908117
0.0438924288091869
-0.0159066796908149
0.0782525388091813
-0.0267375705908108
-0.0209378493908190
-0.0375171635908202
0.0427703197091915
0.0302781458091914
-0.0710184549908206
-0.0433953412908181
0.0235118383091901
-0.138053923690819
0.119395430409185
0.00987878500919237
0.0276330452091855
0.0762502622091859
-0.0783214599908177
0.0489216137091830
-0.143781423890815
0.0473517326091866
0.0858453061091922
0.00795400550919112
-0.0187804640908098
-0.0129051330908112
-0.0443564235908127
-0.0611410117908093
0.0726899454091807
-0.111649289390812
0.0561781816091838
-0.0934800658908159
-0.0765629116908144
-0.0722212705908163
-0.0112080497908096
-0.0586645767908180
-0.0667909556908199
0.0784033694091875
0.0160579140091812
0.00273566140919002
-0.0603360538908078
-0.0265469483908163
-0.0305059420908123
-0.0147617692908142
0.0482415699091803
0.146837990409182
-0.170506603590809
-0.107682681890822
-0.233989714390816
0.124660405509189
-0.0478644273908202
-0.0347402538908170
-0.125980508090819
0.0277804309091891
0.0230321622091907
0.101003996709181
0.0728785095091808
0.0894220317091907
-0.00152130239081316
-0.0472051520908110
-0.104132339390816
0.0201087391091903
0.0641236252091915
0.0292662132091834
-0.0443680922908101
0.0197360299091827
0.0340728856091914
0.00505176690919029
-0.0102272428908208
0.00112108300918123
0.0768908944091891
0.0619068848091899
-0.0123430362908152
-0.0340458757908095
0.0782100542091797
-0.0642328087908197
0.139358511509187
0.0165460873091803
-0.000135784290819174
0.0592189838091883
-0.0673423184908160
-0.0170789196908174
0.0396974200091904
0.0575828135091854
0.119030441509182
-0.0171259650908127
-0.0950372085908100
-0.0297516135908182
0.0405060311091887
-0.0977056949908217
0.0397049762091797
0.00112654940917878
0.00378786780918006
0.0420435265091896
0.0544107500091826
-0.0212275869908183
0.00415113970917957
0.0940428311091921
-0.113202447390819
0.101619593509184
-0.0966259422908138
-0.0440374677908153
-0.00596625579080978
-0.211461185690808
-0.127763575390816
-0.0975641427908158
-0.0794298911908129
-0.0679042775908130
-0.0504867120908159
0.0740393910091797
-0.0167414325908197
-9.01349081061653e-06
0.0328962228091854
-0.0904706621908105
0.0260239470091790
-0.0100386491908182
0.0633306105091833
0.0421446362091871
0.0432305126091848
-0.0926076772908147
-0.0407682808908163
0.113323210609181
-0.0563537630908115
-0.0956725671908174
-0.0413977306908180
0.0258149742091831
-0.00681923329081258
-0.131280655190821
-0.0590358335908121
0.00954452660919003
-0.225118962290821
-0.0228432720908103
0.00610383950917992
0.0771297730091902
0.0873018849091807
-0.0998411838908169
-0.0353896541908085
-0.0605396811908179
0.112384463609189
-0.000716175290818910
0.0598518846091878
-0.0276012121908167
-0.103003490990815
0.00139249910918693
-0.0960807270908077
0.0500244715091895
0.0462087543091911
0.0689831805091785
0.0897073290091868
0.0683404904091844
0.0741959295091874
-0.0180799640908162
0.00201125860918694
0.130613424609180
0.0256206994091883
0.117658221109181
-0.0158939683908130
0.0980725010091845
0.00567068370918378
0.0289261284091822
-0.0541092933908089
0.125318250609183
-0.124902321790813
0.0345763629091920
0.0181012154091889
0.0640187905091807
-0.351270657890808
-0.0502106535908098
-0.000748765390810036
0.0833896419091786
-0.0212688573908082
0.101585077209180
0.0117358390091908
0.0538702632091912
-0.0454174377908174
0.0884469850091847
0.0783759432091813
-0.0584438194908188
0.0308921958091872
-0.0728759546908151
0.0238414919091809
-0.0128911907908105
0.0668438779091787
-0.344150426290810
0.00142013000917984
-0.0634460744908125
-0.115116552090811
0.0509639487091818
-0.00872950399082129
-0.0705874443908101
0.0432667105091866
0.0709490333091907
0.0584165904091805
0.0526040970091799
0.0672983644091829
-0.0293962353908199
-0.0547962317908173
0.0399089613091803
-0.0198646002908163
-0.110555630290818
-0.00131284039080981
0.0345898612091844
-0.153251261390821
0.0931400044091788
-0.0582557285908081
0.00584152470918298
-0.0382358533908160
0.0143932092091887
0.128013066009189
-0.0528255889908138
0.0430645969091898
0.0990126785091832
0.0997754974091833
-0.0829555990908091
0.00678722170918888
0.0887279258091809
0.0440588348091922
0.0519212914091867
0.0299878157091911
0.0373152206091874
-0.0133479995908203
-0.125165732190808
0.0323251700091873
-0.00888429489081943
0.0298440820091912
-0.0980226553908210
-0.00148571779081408
0.103212082609190
0.0629338635091870
-0.184753449090820
-0.0280954225908090
0.0889649376091910
-0.162943873190812
0.107000862209190
0.0735953554091822
0.00908553150918579
0.0857943024091838
-0.0137381760908113
0.0124521904091921
-0.0692265697908141
0.000779702109184655
-0.0888127317908101
-0.0467332350908123
-0.0641047234908143
-0.0373803878908205
-2.46243908179622e-05
-0.0871971567908076
-0.169662520390816
0.0525017700091865
0.0707911075091801
0.0196892977091920
0.0721276082091862
0.0663643619091801
-0.0682693171908113
-0.0304995935908181
-0.0357552396908147
0.0486075319091839
-0.0232148561908190
0.00324602980919053
-0.102064235690818
0.0539819086091882
-0.0234597254908095
0.0106911351091838
0.0129761827091812
0.108545825009188
0.0343680373091786
0.0558609845091809
-0.0616905368908078
-0.0811502958908079
0.107074297309183
0.0352325395091810
-0.103817023790810
-0.0618637810908211
0.0908646187091904
-0.0330642175908196
-0.0442859374908124
0.0278246278091814
-0.0552380601908169
0.0455871608091911
-0.274363723890815
0.0306738901091848
0.0756783217091908
0.0127699792091818
-0.107270777690815
0.0382379409091840
0.0636281681091901
0.0254426658091802
0.0508217900091807
0.0441161667091876
0.00662006210919230
-0.00870728949081467
0.0686749804091846
0.0622999480091835
-0.00890111049081099
0.0969711094091821
0.0474829060091793
0.0556584151091784
0.0412535769091846
0.0743431937091827
0.0313427199091905
0.0317466968091793
0.0105938551091924
0.0368799801091910
0.0668117391091840
0.0391425996091783
0.0423851685091847
0.0342367540091857
0.0334210151091838
0.0374729359091788
0.0461904519091831
0.0355359854091830
0.0554034088091839
-0.00766668519081293
0.0147360111091785
-0.0311787977908153
0.0719310040091870
0.0599497189091807
0.0721769552091871
0.0353187151091845
0.0963005870091820
0.0578847818091788
-0.00659844699082157
0.000563357309189883
0.0296468500091862
-0.00186423879081588
0.0286780993091895
0.0461197948091865
0.0604119249091895
0.0570380648091913
0.0864040267091895
0.0189831376091831
0.00175243410917858
0.0693376812091913
0.0511023565091904
0.0243439968091792
0.0673119399091888
0.0422675968091824
0.0575491813091844
0.0291998399091824
0.0164456821091790
0.0939720248091902
0.00483310220919009
0.0856215928091899
0.0506490476091841
0.0886942340091821
-0.0890274860908136
0.0221196169091797
-0.111865158090808
-0.0686282116908217
0.0350858135091841
-0.206952117290811
0.0396746601091849
0.0534216289091916
0.0868835364091893
-0.0281136577908114
-0.00896700999081190
-0.139034423790818
0.0685729666091817
0.0372192438091901
-0.131226478490817
-0.00279095559081100
-0.0812639906908146
0.0109884103091815
-0.0788205058908176
-0.0541485682908132
0.0102209331091814
0.0883635025091820
-0.0167410442908107
0.122079165909184
0.00146482690918504
0.0209917415091923
0.106030895609180
0.00796943530919236
0.0509940272091853
0.0551153983091837
-0.0545701595908099
-0.00936789799081339
0.0225069585091831
-0.00699340329082077
-0.00123275999081329
0.109564962409181
0.0395040233091919
-0.0167714870908213
0.0239014976091880
-0.0728785485908077
-0.0805635679908079
0.0610111969091918
0.0134142745091879
-0.104409751990815
0.0336509274091839
-0.0910694423908183
-0.0561049360908186
-0.115747917390820
0.0641955067091828
-0.0137344567908144
0.121807342609188
-0.0694326917908086
-0.0591762766908204
0.117911636009183
0.0447038838091913
0.0621466455091877
-0.205885561990812
-0.0762822208908176
0.0575885132091827
-0.107268448990808
0.0303961806091877
0.0558871909091891
-0.0282313895908146
0.128988669009189
-0.0559723241908188
-0.0402116187908206
-0.0628454639908114
0.0190530775091844
-0.0970523713908165
-0.0243159981908150
-0.0188691547908206
0.0362796650091894
-0.00819873379082026
-0.100440411490808
0.0395556102091916