-0.00124650579877428
0.00211258065122588
0.00108491419122569
0.00404904617122570
-0.00505630770877419
0.00115485080122579
-0.00535295418877424
-0.00166309456877434
0.00381811766122575
-0.00250903508877420
0.000805470501225702
0.00356046284122580
0.00506820880122572
0.00108710086122588
-0.00563947579877433
0.00130828572122588
-0.00208900040877413
-0.00106907997877426
-0.00270253282877420
0.00362244268122569
-0.00622285402877432
-0.00220990389877418
-0.00198357323877429
0.00125477077122582
0.00427485611122580
0.000533315601225715
0.00176058886122576
-0.00249988505877430
0.00222112329122570
0.000656505901225790
-0.00463329249877420
-0.00253526226877421
-0.00268421430877419
0.00504489949122577
0.00921989043122573
0.00680074686122567
-0.000120592018774124
-0.00314486020877425
-0.00287418585877419
-0.00464111164877412
0.00121910643122569
0.000971338131225741
-0.00175594992877426
-0.00130572057877432
-0.00466490585877422
0.00211911492122585
0.00336327628122568
0.00272913078122583
-0.000302544248774295
0.00358049565122576
0.000521342661225832
0.00223992355122582
-0.000848980968774171
-0.00376234761877425
0.000837237451225770
0.00586956275122574
0.00429566050122587
-0.00188751070877413
0.00120812996122588
-0.00310134381877414
0.00431341841122568
-0.00303548438877432
-0.00310474293877427
-0.00199052923877430
0.00923511746122574
0.00257490298122587
-0.00334243331877415
-0.00129258799877419
0.00386838655122568
0.00471682319122579
0.00463107401122587
-0.00599183752877419
-0.00485092326877412
0.00709267990122586
-0.00307406352877426
-0.00124048861877424
0.000814576871225770
0.00383495264122580
0.00817828372122587
-0.00409003364877414
-0.00438502723877421
-0.00212289581877423
-0.00172554501877431
0.00125793733122581
0.00485146046122575
-0.00567745016877419
0.00269512496122570
0.000750391201225664
-5.59166387741339e-05
0.00523594096122571
-0.00250555205877423
-0.00104138795877429
-0.00390549246877425
-0.00424526765877431
-0.00427366154877418
-0.00783885592877431
-0.000528414588774284
-0.00224467132877426
0.00354350106122570
-0.000170024978774164
-0.00387581598877418
-0.00106340204877431
0.000578506351225805
0.000515958941225803
-0.00108036866877415
0.00685009564122585
0.00299473596122568
-0.00166061871877421
0.00225003914122568
-0.00126541453877427
5.02518712257594e-05
-0.00452659109877418
-0.00158618738877414
-0.00181221177877422
0.00637248668122581
0.00369739662122570
-0.00715942601877417
-0.00238887695877432
0.00149534479122582
0.00281953705122584
-0.00954501172877431
0.00359433209122573
0.000477350521225883
-0.00343372212877413
0.00883460239122580
-0.00157241016877419
0.00429243267122570
-0.00362256230877422
-0.00345706974877413
0.00563134678122568
-0.00284611689877412
0.00102289304122571
0.00186733115122584
0.00334843021122588
0.00816452859122574
0.00213045047122584
-0.000763962188774281
-0.00423336427877419
0.00279314971122568
-0.00588737325877431
0.00358880422122576
-0.00247296066877434
-0.00362812196877416
0.00233116514122567
-0.00151133258877412
0.00104230380122572
0.000529119861225835
-0.00187473120877413
-0.000581630388774235
-0.000289441138774160
-0.00194016076877412
0.00279935518122576
-0.00146027195877418
0.00374791079122572
-0.00392574224877418
-0.00266311531877417
0.00773623707122573
-0.00288067658877433
0.00246986028122587
0.00765088717122575
0.00187719940122588
-0.000339001728774324
0.00565750055122583
-0.00272076416877431
-0.00248188340877431
-0.00178741705877417
0.00441627812122580
0.00448430964122570
-0.000391889108774191
0.000272570311225850
-0.00425168449877433
0.00288207798122575
-0.00148950521877422
0.00241061114122587
0.000312507031225762
-0.00644816720877417
-0.00872527272877433
6.54866912257468e-05
0.00636721641122584
0.00526405494122573
0.00311759799122568
-0.00340588793877417
-0.00714127422877420
-0.00464893412877432
-0.00490494787877416
-0.000362874148774228
0.00289977807122588
-0.00277547226877428
0.00132280362122583
-0.00279103495877431
-0.000926157458774224
0.00307601826122572
-0.00159301755877417
0.00161155402122581
-0.00378938358877412
-0.00735812366877431
0.000313328341225771
-0.00474861445877428
-0.00681216084877412
-0.00216333496877419
-4.49064787741982e-05
-0.00520126026877432
-0.000605781938774141
-0.00253749521877422
-0.00648465364877415
-0.00161034609877420
-0.00458262487877414
0.00790531697122576
-0.000910021878774314
-0.00271055468877424
-0.00424685519877421
-0.00352172198877421
0.00535244210122587
0.00134469077122579
0.00286059449122567
-0.00377119812877424
-0.00160897706877416
-0.00284903335877429
0.000563086491225828
0.00184953458122572
-0.00192728948877430
-0.000216907268774325
0.00404102687122587
0.000862343941225863
-0.00293206538877433
0.00211067167122581
-0.00477684906877429
0.00224676461122586
0.00450084509122584
0.00665691991122586
0.00231763719122569
-0.00177291114877431
0.00714844018122585
0.00644800290122571
0.00382560288122580
0.000290721221225754
0.00228851521122575
0.00332091884122576
0.00331542257122575
-0.00195276908877418
0.00187657493122573
0.00166468363122574
0.00527661627122567
-0.00273104066877417
0.000558194961225667
-0.000164430908774271
0.00786888100122574
0.00246755487122585
-0.00166004799877428
0.00645085624122577
-0.00269521999877420
0.00226686358122574
-0.00550691149877425
-0.00148309654877421
-0.000572437338774323
-0.000248994988774287
-0.00116376033877419
0.000951257481225820
0.00226942751122583
-0.00159080478877427
-0.00427109211877430
-0.00179153554877431
0.000573477191225802
0.00300856146122586
0.00764408546122586
-0.00547858632877429
-0.00171547537877426
-0.00320923062877432
0.000311366941225799
-0.00223310747877425
0.000786916741225774
0.000155591191225879
-0.00258503736877413
-0.00120034253877432
-0.00271620278877416
-0.00345434703877423
-0.00233571100877428
-0.00171082070877415
0.000662951691225766
0.00699207065122587
-0.00626265261877412
-0.00259420242877417
0.00129880029122575
0.00424679744122569
-0.00180968053877417
0.00238164533122576
0.00184996695122575
0.00255332814122577
-0.00625947231877433
-0.000662020498774174
-0.000537418188774286
-0.00380847308877419
-0.00437546080877427
-0.00540816616877415
0.00597755428122571
0.00152214543122575
-0.00410762852877422
-0.00420890124877427
0.000130905101225709
-0.00239852857877421
-0.000836005888774194
0.00771851621122588
0.000210644211225741
-0.00264383262877432
0.00119133704122576
0.00147147928122582
0.00981411465122584
-0.00304797344877428
-0.00774745150877432
-0.00128489106877416
-0.00553055734877428
0.00161731142122568
0.0101586594112257
0.00475664539122578
-0.00814219977877428
0.00502812630122573
0.00183363819122584
-0.00297673628877426
-0.00238463915877429
0.00222514527122586
0.00306375745122578
-0.00557775305877417
0.00313263197122571
-0.00202130924877419
-0.00267309940877425
0.00717430204122582
-0.00115252438877422
-0.00445753412877425
-0.00557561459877420
-0.00334820462877428
0.000864865551225780
0.00414806166122572
-0.00403925302877428
-0.00150493099877425
-0.000712857758774277
-0.00438208291877418
0.00217509971122576
-0.00106123952877413
-0.00922033986877424
-0.00599722310877415
0.00234783741122580
0.00527811677122569
0.00210659337122587
0.00206186790122587
-0.00221090297877424
-0.00133348358877416
-0.00496772164877424
-0.00249445587877428
-0.00272176653877421
0.000265963221225851
0.00281050722122567
-0.000497388008774191
0.00780119055122586
-4.88074787743376e-05
-0.00130676022877418
-0.00120816674877422
-0.00657031733877433
-0.000254804168774214
0.00146312035122587
0.00230027549122580
0.000125807731225835
-0.00218088395877425
0.00155615357122585
0.00235197466122572
0.00468632220122567
0.00438266189122571
0.00716859500122569
0.00356857115122566
0.00328823061122585
0.00103750169122585
0.00364740349122572
0.00220443108122570
0.00503412695122574
-0.000193829148774194
-0.00782398180877419
-0.000696685438774214
0.00119350096122584
-0.00469579072877413
-0.00276148893877415
9.42750312258323e-05
0.00109489285122577
0.00302104691122573
0.000696324471225696
-0.00380849494877422
0.000890046931225852
0.000419571641225858
0.00667214552122575
-0.00187365445877430
-0.00177455791877423
0.00576136706122576
0.00229682805122566
-0.00268700722877413
-0.00436161628877430
-0.00284725271877417
0.00288500849122575
0.00143802410122573
-0.00323814518877419
-0.00233724220877418
-0.000878426878774263
-0.00550530922877424
0.00241566193122567
0.00716292635122584
-0.00282116464877413
0.00372462457122569
0.000570023781225837
-0.00203220107877433
-0.00264695061877429
0.00304721342122583
-0.00262240782877421
-0.000102337938774122
-0.00352673834877426
0.00155523051122586
0.000529410951225717
0.000761458881225696
0.00303662380122582
0.00204779464122584
0.00153873507122571
0.00183119369122586
-0.00327154258877416
0.000130982461225670
0.00296233520122580
-0.00111251122877420
0.000949180181225806
-0.00134718196877426
0.00100082949122582
-0.000335806778774206
0.000800430121225881
-0.00176739384877433
-0.000195348488774227
-0.000215673678774175
-0.00183328014877415
-0.000562912888774303
-0.00143979120877424
-0.00115686919877422
-0.000279487768774178
-0.00172069217877424
-0.00120551991877416
7.05671312257739e-05
0.000855297121225673
0.00226437981122585
0.00183129608122568
0.00244423324122578
0.000759477311225831
-0.000499920088774308
-0.00197912105877429
-0.00177194689877425
-0.000975974398774282
0.00128038484122572
0.00387261491122581
0.00255865367122587
0.00278083481122571
-0.000428150618774215
-0.000846615968774334
0.00389893856122581
-0.000589976958774274
-0.000112338518774235
-0.00178907011877416
-0.00175754304877418
-0.000176927258774162
0.000939354661225744
0.000979120781225751
0.00277911652122587
-0.000341555518774239
-0.00115609907877423
0.00274562448122584
-7.97087742476776e-08
0.00234131781122571
0.00152432307122585
0.000397105891225769
-5.81317987742303e-05
-0.000690739538774299
9.07248712258557e-05
-0.000746643968774219
-0.00839752239877423
-0.00559452504877434
0.00356770009122576
-0.00200889359877432
-0.00723747986877421
-0.00304865770877427
-0.00299654980877429
0.000570036171225752
0.00453751435122585
0.00571246088122579
0.00415819051122579
0.00240683930122576
-0.00239105018877428
0.000914324331225735
0.00494346009122570
0.0110328130912258
0.00366796329122576
0.000956116541225738
0.00568940955122588
-0.00431220200877425
-0.00344559276877421
0.00322402996122584
-0.00620747331877425
-0.000827167048774280
-0.000601601368774185
-0.000507308878774149
0.00371548894122586
-0.00293133512877430
0.00178861796122587
-0.00155458324877422
-0.00626145502877429
-0.00269383044877425
-0.00124398110877433
0.00250450861122586
-0.000681023068774156
0.00162505369122568
0.00141476187122569
0.00320983983122569
0.00494259639122574
-0.00491196188877430
-0.00886492483877421
-0.00104836117877416
0.00193067309122585
0.00367533654122587
0.00133681804122587
0.00378750656122584
0.00291851499122586
-0.00463142149877416
0.00209993314122570
0.00161873263122581
-0.00437521538877417
-0.00323443486877428
0.00142168449122582
-0.00142432215877419
0.00117756757122578
0.00127396717122585
0.00399675310122571
-0.00285983802877432
-0.00308336556877431
0.00386060757122575
-0.00161624416877415
-0.00143668077877424
-0.00449029232877418
-0.00568554557877432
0.00466759457122579
0.00174350703122572
-0.00502782273877434
0.00799780340122580
-0.00305760262877430
0.00362989669122582
-0.00524394311877430
0.00574750726122586
-0.00226129933877428
-0.00205993023877427