-0.00568832371838357
-0.00243051713838360
-0.00401955605838356
0.00701660484161648
-0.0165924588183835
0.00350895994161649
-0.00180807254838355
0.000668878161616426
0.0100227845516165
-0.00463426330838357
0.00117144820161652
-0.00377626867838354
0.0151914421216164
0.00612961669161649
0.0120828765716166
-0.00121688585838364
0.00452149705161653
0.000106069861616431
0.00880609040161651
0.00702513944161654
0.00183735869161650
-0.0210492957683834
-0.00665154113838362
0.000538315471616535
-0.0143297871783836
-0.000513862508383589
-0.0184058401683835
0.00834356986161655
-0.00563765517838344
0.00744931176161656
0.0151684620416164
0.00770550672161652
0.00327053350161655
0.00644395775161644
-0.00967335017838344
0.00423163953161643
0.0109341086916164
0.00632218091161652
0.00127284283161644
-7.25883583836406e-05
0.0111020543716165
-0.000893712928383472
0.00326653893161644
-0.0126006214183836
-0.00229091768838363
0.00631500622161640
-0.00151980372838345
-0.0116208716983834
-0.00650356063838364
0.00217496817161655
-0.00154191705838347
0.00520491313161653
-0.000808452688383587
-0.0174442650683835
-0.00984327367838356
0.00932296440161640
0.00709145733161654
0.0121655393116165
0.00279211458161655
0.0113093048316164
0.00351172920161646
-0.0105964951383835
0.000302028301616408
0.00707242187161650
0.0135541377616164
0.00126796659161643
-0.000289304978383642
-0.00934855256838363
-0.00749692657838352
-0.00402608407838345
-0.00414292581838360
-0.00181230561838364
-0.00308203597838364
-0.00296398658838348
-0.0142362429783836
-0.000939703918383605
0.00446125282161636
0.00837582695161654
-0.0166631951183835
0.00353996689161651
-0.00260548316838349
-0.00678301242838364
-0.00403603198838343
0.00581687510161655
0.00406391724161637
0.00406518587161653
0.00382574697161653
-0.00248314479838352
0.00121175861161649
0.00596233761161646
-0.000785463778383511
-0.00371986418838355
0.00157147004161651
-0.0110539554083835
-0.00570644327838354
-0.00480864834838357
0.00237208056161653
0.00130367502161644
0.00460756474161639
0.000513203831616460
0.00219192290161652
-0.00307914412838350
-0.0145800422983835
-0.00796100230838359
0.00883051312161642
0.00254629483161639
-0.0113022877083835
0.0131826062716165
0.00924885130161646
0.0111163066216164
0.0109742807916164
-0.00183304899838355
-0.00620391554838351
0.00887081542161639
-0.0125086888883836
-0.00989928113838356
0.00321552048161644
0.00159097478161652
0.000549113951616498
0.00774065895161646
0.00532497933161658
0.00863004198161654
0.0127345203416165
-0.0114061020483835
-0.00510674524838350
0.0120387160416164
-0.0146753770783836
0.00543490922161638
0.0119386567816164
0.00131676561161642
0.00525631402161642
-0.00906841061838359
-0.00598673334838362
-4.16195583834433e-05
-0.00627342077838344
0.00358439357161644
0.00716571582161651
-0.00850996218838351
0.00206149718161641
-0.000450122958383536
-0.00249975107838352
0.00614323945161654
0.0101378291516165
0.00747845372161637
0.000607613351616410
0.00411564865161651
-0.00210358192838345
0.00825727535161658
-0.00646174394838361
0.00484507046161653
-0.00982404826838357
-0.00833284028838355
-0.00192584880838353
-0.00354853520838350
-0.00793116908838343
0.0166628692816164
-0.00753060241838344
-0.0189993689483836
0.00774257225161645
-0.0161939440383836
0.00233525655161637
-0.0108889275983834
0.00193805436161654
-0.00157960160838355
-0.0114577242283835
0.0108377664316164
0.00791757043161656
-0.0111358550583835
-0.00253059558838342
-0.00797807443838350
-0.0141352939183836
-0.00559475777838347
-0.00539501123838360
-0.00240234213838364
0.000774409731616466
-0.0125451116383835
0.0132854275816165
-0.00313560623838360
-0.00475780052838348
0.00739640715161638
0.00728718803161654
-0.00623884667838359
0.000256837591616543
0.00394977381161654
0.00633765186161650
0.00582269567161653
0.00553999055161647
0.0144039333316164
-0.00100341001838355
-0.00117810436838361
0.00860487108161645
0.00196415454161647
0.00463978967161638
0.00495425040161646
0.0124185914416164
-0.0132744981583834
0.00457710768161657
-0.00190483774838346
-0.00311967416838344
-0.000635077648383442
0.00505388209161639
0.00399699316161639
0.0136627977516164
-0.00883611688838348
-0.00745428308838347
-0.00571840899838350
-0.00987852308838355
-0.0129732207083835
0.00323659608161653
0.00259088094161641
0.00164109702161652
-0.00850365370838357
-0.00280324902838358
0.000316571711616476
0.00867082820161658
0.0122855250416165
0.0109543339916165
0.0139008325816166
0.00728903530161640
-0.0115441334183835
0.00342144469161654
7.40338616165293e-05
-0.00732946261838352
-0.00431385974838361
0.00324171929161654
-0.0160711683683836
0.0148294240716165
-0.00364109109838351
-0.00328620440838345
0.00319128228161647
-0.00177826983838347
0.00248993352161642
0.00892170560161643
0.000431119181616424
-0.00284301157838351
-0.000351870928383624
-0.000850700048383501
-0.00922787284838345
-0.00215236074838354
-0.0131240507683836
-0.000850906718383504
-0.0184500131383836
-0.00543857510838364
0.000590632871616537
0.00322994911161656
-0.00448226022838361
0.00834886159161652
-0.00570367956838358
-0.00792398154838359
-0.00451172011838352
0.0108352050916165
0.00704621436161657
0.00678436690161655
-0.00203934334838363
-0.00951402357838349
-0.00936179961838346
0.000495845351616397
0.00388815103161644
0.00628345668161656
0.00763153035161657
-0.0143740313783836
-0.00691660596838362
0.00938803627161655
0.00124627522161647
-0.0130179774383836
0.000301254381616545
-0.00666762820838351
-0.00647127794838354
-0.00382911595838342
0.0107028386216164
-0.00357469767838348
0.0102821930816164
0.00992335662161636
0.00177316162161656
0.00820898268161652
0.00605798637161636
-0.00238509499838346
-0.00111396530838359
0.00475254138161652
0.00507535367161638
0.00792252820161643
0.000251128081616425
0.0144397919816164
-0.00929035536838363
-0.0104481488483836
0.0104256198916164
0.00275549713161638
-0.000126334798383532
-0.00417595708838348
-0.00211054870838345
0.00702802239161637
-0.00492612154838357
0.00549775745161640
0.00154156387161652
-0.0115944841783835
-0.00997940568838351
0.00863751513161648
