-0.137320516900360
0.284009878199640
-0.567112822600350
0.0255194869996416
0.0204613824996471
0.0765094897996477
-0.632511394400353
-0.0486892880003467
-0.270834260500351
0.123652815499653
0.220983793399640
0.204315366899650
-0.0668605696003510
0.281089870399640
0.355590999999649
0.297519180199643
0.159214100099646
-0.0520861060003597
0.260397925399644
0.0540750273996480
0.131556135899643
-0.805815500600360
0.215356304899643
0.258820499099642
-0.539893474500360
0.0128831611996532
-0.428190356500352
-0.279896120500354
0.201120309399641
-0.229700539600358
0.230964212699647
0.0150743804996409
0.0705003325996501
-0.544338988800348
-0.859089930000351
0.0127121950996525
0.123587058099645
-0.123593402600349
0.291973640499648
-0.784243470000348
0.334125484599653
-0.157686769400357
-0.599402221300352
-0.556509974900351
0.334325412499652
-0.176371330900352
0.316497880899647
-0.246255899500355
-0.312910786000359
-0.203022801100360
0.121539770499652
0.352132985199646
0.185210227899645
-0.283125342600357
-0.221045135200356
0.411735020699652
-0.173998770900354
-0.188577191400356
-0.0839048053003495
-0.124802326200353
0.371812388999643
-0.326194991500358
-0.00596639770034813
0.475293295199648
0.400372126999642
-0.0580974000003494
-0.0551386065003499
-0.0507735118003581
0.0942220943996404
0.0800852829996472
0.188451516099647
-0.123974052900351
0.328908647999640
0.104310908399640
0.00660949469964578
0.126082687299643
0.104891159399642
0.0630139909996501
-0.176531786600350
0.263467304399640
-0.434664267800358
0.162176960999645
0.225818814499647
0.127303578599651
0.313643243799646
0.278218145199645
-0.204250817300348
-0.430739642000347
-0.605662400100357
0.249563726099652
-0.213764270800354
-0.272973765300350
0.168598874099644
0.0735335619996533
0.166915624999646
-0.0399643872003566
0.119750178099650
0.0491786075996430
0.409381175099639
-0.00623905780035727
0.185937228399652
-0.0851957209003587
0.0932100882996423
0.211699777699650
0.277920849799642
0.374596966299649
-0.0394630781003542
0.148650069499652
0.266362583299653
0.412650019999646
0.232876256199646
0.157040233999652
0.0593331791996405
0.0905696134996532
0.153178882999640
-0.753158878200352
0.173749087399642
-0.149708516000359
0.326596883799652
0.169847359999650
-0.133737513000355
0.420171403299648
0.268510138399648
-0.130241555500348
-0.287756699100356
0.285402849799652
-0.266263875300353
0.371084662299651
0.219378650899642
-0.148393600500356
0.201258955499640
-0.170051820800353
0.0292790119996482
-0.0885839516003557
-0.711736753500347
0.266116757199640
0.289642323199644
-0.331357192500349
-0.493738359300352
-0.120714911200352
0.103248076099646
-0.00860239920035610
0.210907557899645
0.194632424599646
0.136714925699650
-0.143404554400348
0.257862163699642
0.0408564585996487
-0.0622558705003513
0.0810200207996417
0.220551786599643
0.115659513299647
0.156371663699645
-0.392844120400355
0.173211098799641
0.393842748699640
-0.351347199400351
-0.365583133900358
-0.564346730000352
-0.453087552900357
0.333606440899644
-0.812568849500352
-0.0672304600003599
-0.337656745500354
0.0907910330996486
-0.0927310713003493
0.107844403599643
0.132653565299648
-0.0314372331003483
0.0107677188996433
-1.24616634710036
0.321433003599651
-0.820061386100349
0.287407923499643
0.174020816199644
-0.749956258100355
0.175112190199641
-0.526042281300349
-0.177161766800353
-0.0301776352003600
0.309461197999653
-0.458772779300347
-0.191894141600358
0.0286213965996467
-0.219407148100359
0.140177648899652
0.223877906299649
0.395853366399649
-0.0475677704003488
0.101538659099646
0.234131146199644
-0.0584985036003474
0.240385930199651
0.263048113799641
-0.164774189000354
-0.576891421000354
-0.0760701663003545
0.0668148539996452
0.211574994199651
0.389429209999648
-0.0778198274003472
0.201475369199642
0.296809504799640
-0.325477476200348
0.0801866514996448
0.230072669899641
0.0965250396996424
0.00302053139964187
-0.658689446700350
0.359961253799654
0.412438606899642
0.0763334981996451
-0.131888939000348
-0.440994345200352
0.330494502999642
0.263846574599640
-0.0610425555003502
0.388493666499642
0.0696733752996437
0.158589930299641
0.370963779899640
-0.0711261771003535
-0.147966503600358
0.0887252814996486
0.117069551299650
-0.316687709400355
0.00997617379964311
0.368355132499644
0.187455682599648
0.427946892899641
-0.0363150735003472
0.00640918729965279
0.0902828634996524
-0.220963170500355
-0.317396963800348
-0.236630035400353
0.0198080788996435
0.133346706099644
0.149181244899651
-0.879113220000349
-0.0564902909003564
-0.569338283700347
0.0784959434996466
0.217774829799652
0.168223144199644
-0.0734908581003566
-0.295244847100349
-0.601121624700355
-0.356720607300360
0.0887236545996473
0.306074844599650
0.475361718099649
0.554013137499652
-0.475071096000349
-0.732546033100348
-0.0422008161003475
-0.299431353600355
0.259659980199643
0.0834848397996524
0.338887267499644
-0.165491958400352
0.243020938899647
0.469245350599650
0.270143913899645
-0.245527919100354
0.204368543199649
-0.428243052500349
0.213144512499653
0.102996189499649
0.0652337394996465
0.0628117862996476
0.247007798399650
0.171161989299648
-0.0954986239003546
0.244306555399646
0.293109466499644
0.0656487323996515
0.346245792099651
0.252777625299643
0.304538700999643
0.305494008699640
-0.0597532629003581
0.354163082799644
-0.0350949577003519
-0.781242723000347
0.234127981299650
0.190237376299649
0.231610683299650
-0.0663307082003541
0.0123268137996462
0.260455016899641
-0.164372556000359
0.279983033599649
0.372683311999651
-0.742519079600356
-0.644408962800355
0.243081086499643
