-0.126167302258551
-0.889901444258541
0.451085820941458
0.191046452441455
-1.33679478445855
-1.09953750805855
0.376683104441455
-0.0147347050585438
0.192077344641447
0.501499819941458
-0.383496124558548
-0.572351382758541
-1.61509970085855
0.171836224841456
-0.133168552658546
-0.151958498458541
-1.27458936235854
0.217235000941457
-1.53550672535854
0.0910902612414475
-1.43688488215855
0.254028309741457
-0.165599956558552
-1.24068005745855
0.256190488741453
0.0225951680414482
-0.126167302358553
0.423206854441460
-1.74236240095854
-2.28120755175854
-0.465732252558553
0.0460663461414583
0.117722956641458
-3.11185436485854
0.219572594041452
0.211314509641454
-0.00883262485854175
-1.95520925765855
-0.777421662158545
0.287432355041460
-1.07769255835855
0.320916048341459
0.292264229941452
0.243524295541448
-0.136958870858550
-1.61061191245855
0.118303571941453
0.0382112283414529
-0.00870937575854214
0.545542265741460
-0.00904306115855036
-0.328808082458551
-0.799494092858552
-0.235910328158553
0.365998128341460
0.435798129341450
-0.167421421658545
0.337820026441449
0.0783499227414524
0.395157872541446
0.0517915537414524
-0.511162095558547
0.120212333941453
-2.10929742325855
-0.990963964158553
-0.690010334658552
0.000260718441452923
-0.242810124458543
-0.407627744058544
0.256007535241452
-0.0485709614585517
-1.30868416065854
-2.17056249145854
-0.862104849358545
-1.19129502925854
-0.145969726358544
-0.220870600858547
0.0889733871414506
-2.17385883475855
0.262166232341457
0.0405418041414549
0.349225949141456
-1.05221041865855
0.0530256940414517
0.0690181035414526
-0.355326509158544
-0.106786650258542
0.396877266941459
0.596364002741453
-3.00572181685855
-1.09028320885855
0.323267240541455
0.478657556741453
-0.282607929558552
0.270943643941450
-0.520979473658542
0.140913827341450
-1.06043431555855
-0.649580658858554
0.0279441030414489
-0.957543793458541
0.0220285833414522
-0.167004066658549
-0.342418221858551
-0.265280396158545
-0.833309352658546
0.178233917141455
-0.700314327058550
-0.239223402158544
-0.803357135558542
-1.38549460055854
0.00786340314145662
-0.206721339058547
-1.48396457635855
-0.540813394658542
0.334880311241449
-0.567366489558552
-0.598775139858546
-0.885058913258547
-0.247992795758549
0.324233031741457
-0.976923644558553
-0.893521385858549
0.415161691841448
0.466240873241446
-1.59675344145855
0.513621291241449
-0.0252242564585430
-1.44660550275854
0.310983580741450
-0.244587624358545
0.389525553341457
-0.0251655410585414
0.293836557741457
0.368589772941448
0.395085191441453
-0.838844793058541
0.554577038241447
0.487995826041455
-0.0842162382585485
0.134314036641456
0.439219879941447
-1.14153461585855
0.497875510841453
-2.08623020325855
0.298455185741460
-0.948117545058551
0.0447332756414482
-0.0637785015585450
-0.663687756458543
0.141500704741446
-0.938341199058542
-0.0745179214585505
0.478261394641450
0.210198348241448
-0.0150311273585402
0.626596758941460
0.462178563541457
0.170295435641449
0.408873661041454
-0.509738772458547
0.269260080441455
0.322708982141450
0.278794038241458
-1.32731546795854
-0.370413949358550
-1.49887859395855
-0.245203705258547
0.249510090741452
-0.0903392521585431
-0.0916885874585489
-0.733060072358541
0.287697956841456
0.0547399027414599
0.130508015841457
-1.73488076005854
0.225417406541453
-1.31261890525855
0.557449360141447
-2.66595101635855
0.153346699841450
-0.557130418758547
0.352826844841459
0.431086729941455
-1.92085371995854
-0.177668676558554
-0.390600539158541
0.0755050599414489
-0.746884453058542
0.238398827741449
0.243239508941457
-0.182185839758546
-2.36999699205855
-1.12477626565855
-0.332919832158552
-2.27292787435854
0.347444657341455
-2.18383993795855
-0.0598260494585503
-0.538511755558545
-0.0441720597585515
-0.367671927558547
0.215670418241459
-0.209863711758544
-1.16132357195855
-0.474802576858551
0.164620493241458
-0.175193429658549
-0.425802577458541
-0.102151712858543
0.471378014541457
-0.420727940458548
-1.42222308485854
-1.73139533725855
-0.217921630158543
-0.102226850558552
-0.482980652958545
-0.380433748858550
0.205810877541452
0.152512903341460
0.107103429641455
-1.24519952375854
0.332861774841447
0.189616161941458
-1.00394794175854
-0.00202178775855089
-0.361526066758543
-1.76904489305855
0.167260864741451
-0.100674274858548
0.606008428741447
-2.08306234075855
0.407124056341459
-0.0233171857585432
-0.0984836306585493
0.172798738441458
0.434549663541446
0.301502272941448
0.0955502878414478
-1.02287029955855
-0.448085403558551
0.0426326119414568
-2.60723349185855
0.342615467141457
0.586109619841452
0.0578397873414502
-1.25900578865854
-0.862100057858541
-0.460637422958541
0.0617853640414552
0.265548238241450
0.292850180541450
0.0639042121414519
0.127535813441455
-1.83540323165855
-1.14534017005855
0.227429951741456
0.0333496679414509
-0.861810950358546
-0.303534307458548
0.263079494341454
-1.72465485775855
0.442870604741458
-0.603242624558547
0.173115940541450
0.270141785141448
-1.67247990405855
-0.803713217258547
-1.19791013465854
-1.32814831325855
0.0340861581414487
-0.487806247358549
-0.0464926393585472
-1.11748110285855
-0.873062748258548
-0.246498378958549
-0.348399632758543
-0.153289834558549
-1.19843295345855
0.226329469041460
0.294105334641458
-1.11446768365855
-1.01948361205855
0.00165810274145883
-0.100896614658552
-0.0293884940585514
0.0689956217414505
-2.38167037535855
-0.561949933958545
-0.945176333858541
-0.353190225058540
0.256863750441454
0.278562939341455
-1.22117373205855
