0.0108836129910197
0.00213734883101990
0.0168213408010198
0.0195592851910198
-0.0126499197389802
0.00397549004101983
0.0188543223510198
0.0131473927610197
0.0245014091510198
0.0115444596910197
0.00825374658101974
0.00319567345101990
0.0108022209810199
0.0176589508110199
0.0187675738310198
0.00706398795101970
0.00235286885101971
0.0147998344210198
0.00357325406101983
0.0194839818810197
-0.000694826218980094
0.000867680901019741
0.00354101829101983
-0.000239285028980296
0.00622496398101990
0.0126483488610198
0.0108836129910197
0.0255776134310197
-0.00802274383898016
-0.00172829310898015
0.0198112969910198
0.0188890295610198
0.0156909438610198
-0.00659327166898027
0.0115456241410199
0.0174944926710199
0.0208871270810198
0.000271995941019787
0.00510161950101984
0.0206484205010198
0.00948204662101970
0.0159094234610198
0.0220916389110197
0.00688146137101975
0.00668413412101976
0.00296143119101977
0.0104876992710199
0.00500733506101980
0.0165930093610198
0.0132480940810198
0.0163740937710197
0.00713073944101983
0.00762944514101971
0.00760308686101974
0.00181448444101973
0.00917503118101970
0.0163654448810198
0.0225688183710198
0.0250022442910198
0.0195240394510199
0.0230578326110198
0.00818148248101980
0.00626141512101985
-0.00549195752898024
0.00643232027101970
0.0139960819110199
0.0135878432110197
0.00960570572101971
0.00111319736101989
0.00730463392101988
0.00821015511101986
-0.00278311222898031
-0.00727819447898015
-2.60066589801156e-05
-0.00126752274898023
-0.000824208118980208
0.00930055955101983
0.0159445835710197
-0.000415303218980201
0.00140122955101973
0.0140568600110198
0.0160435641610197
-0.00406740154898011
0.00799869641101969
0.0168450645410199
0.00979777138101978
0.0133277437410197
0.0211840209710199
0.0185176744110198
-0.00904709514898028
0.00617875698101988
0.0164560812210197
0.0150989603510199
0.0105272317110199
0.00518308940101986
0.00125869310101989
0.0144119149610198
0.00435103638101975
0.00753799343101980
0.0127636060110199
0.00495476895101987
0.0114037917810197
-0.00203531425898018
0.00223714368101979
0.0158709003710198
0.00382434179101976
0.00480693236101981
0.0163414760810199
0.0165829317410198
0.0110254036710198
0.00701905096101974
0.00936443268101983
0.00505313486101988
0.00493361419101990
-0.00459414724898011
0.0117281015610198
0.00962792412101976
0.00932845235101976
0.00244600807101980
0.0156570113810197
0.0214710797410198
0.00719189515101970
0.0127023536010198
0.00693245750101990
0.0141471311810197
0.00561301548101989
0.00558291681101975
0.0137235552410198
0.00740328596101980
0.0176888885010198
0.0137473051310197
0.00929997248101988
0.00650708054101989
0.0150903332910197
0.0150510246210198
0.0174815165110198
0.00809954383101985
0.0120855362510197
0.0217435619610198
0.0114539136710199
0.0102670756810197
0.0216650382410197
0.00866764924101982
0.0223311714910197
-0.00594104745898028
0.0199743926110199
-0.000432099358980143
0.0193805390810198
0.00706272609101988
0.00943746075101970
0.00398603441101986
-0.00362695969898019
0.00901139071101986
0.0166518171210197
0.00570398484101986
0.0237596489010199
0.0133659511910198
0.00146869766101987
0.0246379390010199
0.00428957011101971
0.00778321172101970
0.0104865401910197
0.0182005474810198
0.0161811445810198
-0.00837711048898027
0.0181975186210197
0.00424006802101973
-2.51856898025871e-06
0.0127274609210197
0.00452251966101991
0.00784060746101978
-0.000879816968980096
0.0162028832810197
0.00906743981101976
0.0153051562510198
-0.00320212064898029
0.00783183114101971
0.0101012777710199
0.0180610728810198
-0.0130567110989801
0.0211604004610197
0.0117351008710198
0.0131773716910197
0.0177967097310199
-0.00148426270898017
0.0176226227010199
0.0125346770610197
0.0169299171010198
0.0149203321810198
0.0138246110710198
0.0124809958410197
0.0166437374210198
-0.00721151161898015
0.00514500263101980
0.0116090714810198
0.00360792673101984
0.00698620825101970
-0.00348982586898017
0.0100679366910199
0.00344670507101985
0.0175081631910199
0.0179364315210198
0.00749760444101977
0.00395564760101985
-0.00632742421898014
-0.00258908414898018
0.0213371582710198
0.0107288046210199
0.00153478367101978
0.0102281125610197
0.0203513981510197
0.0141171348910198
0.00711888878101985
0.00549069630101973
0.0195228152710198
0.0172783150110198
-0.00247549348898013
0.00879478329101979
0.0149295258310198
0.00864787844101977
0.00927596264101971
0.00274802322101975
0.00328256329101984
0.0267567889910199
-0.00241763944898010
0.00851600456101975
0.00887939259101978
-0.00494419253898015
0.0206222337810198
0.0134449262010199
0.0175788401710197
-0.00547442549898025
0.0154846776010198
0.00388415273101983
0.00942914503101977
0.00803413158101973
0.0165252438310197
0.00193401625101974
0.00809673372101982
0.00254436957101989
0.00942921773101979
0.0106445764410199
-0.00246155240898016
0.0144547806910198
0.0128945074610198
0.00850090064101972
0.00800145616101977
0.00714692440101983
0.00984073977101985
0.0141136736610199
0.0111071242210199
0.00739898785101989
0.0154977226710198
0.0146881667310197
0.000173371651019716
0.00575008741101990
0.00322304034101983
0.00541266177101973
0.00894918723101990
0.00941165187101989
0.00488470122101981
-0.00330025319898031
0.0132954122310198
0.000414360341019826
0.0100115463410198
0.0236016882810197
-0.00581988785898013
0.0119665967710199
0.00861634105101983
0.00271151097101985
0.0182116728010198
0.0116502261710199
0.00918567163101969
-0.00160553699898025
0.00718750103101984
0.0116692302410197
0.0137324874510198
0.0112318465210197
0.0105818014310197
0.00683506902101971
0.0111569701310199
0.00882418617101988
0.00476459014101982
0.0114936613310197
0.00855263125101979
0.0106326361610198
0.0178485407210198
-0.0116730664989801
0.0102425498210199
0.00367025370101981
0.00799933050101975
0.00908702377101989
0.0102309963710199
0.00597356868101984
