0.237510401799653
0.183924102499645
-0.575175815000350
0.0103242575996489
-0.115560973500351
-0.0887536460003560
-0.640557620700349
-0.0795494096003466
-0.271965388600350
0.0988636835996459
0.145850414899641
0.136973073099639
-0.298826121200349
0.268078650899653
0.338112434499649
0.261138104999645
-0.0300911839003533
-0.0723959301003561
0.0313988490996451
0.0577288205996496
-0.0683792159003502
-0.825325390600355
0.176931446499651
0.142628756599649
-0.548379365300349
-0.0141859504003605
-0.453487573100347
-0.280538612100358
0.00804218969965120
-0.512158920400353
0.125802528199642
-0.000331246600353552
0.0483357176996435
-0.990081708600357
-0.875134539300348
-0.00330789120035035
0.116248465399650
-0.348017794500350
0.239887478399652
-0.788916911300348
0.160739800499641
-0.174783212900351
-0.608251204900355
-0.591237215900350
0.271446109299646
-0.393644008700349
0.295214620299646
-0.267965079000348
-0.338714256800358
-0.208238999300349
0.0920051703996450
0.255706303499650
0.141421209299651
-0.319828830100349
-0.242810169500359
0.392686834299653
-0.188341755100353
-0.176286660800358
-0.0945583707003550
-0.121555058000354
0.282597601599647
-0.365017018000358
-0.237548635800351
0.361011882599641
0.256120641799640
-0.0850010535003491
-0.0972548567003599
-0.0972166145003541
0.0614276270996470
0.0758664977996517
0.0451818152996424
-0.359744219800348
0.192645915299650
-0.0168697432003597
-0.0413093520003542
0.0874738440996481
0.0865963318996421
-0.228235163900351
-0.224379928600357
0.256345289199643
-0.446106010000349
0.0201790247996456
0.188938815599641
0.110391458999644
0.276724223499642
0.259985817699643
-0.205789840800350
-0.436549359000352
-0.937561573500346
0.107934609399649
-0.225119869300357
-0.297307171400348
0.149311177599643
0.0438542677996452
0.111256585599648
-0.0686785057003476
0.100359746099642
-0.0706662379003546
0.330082698799643
-0.0230999587003566
0.0725707341996440
-0.0889035168003574
0.0516713839996470
0.176745898599648
0.215062986599648
0.274309387399640
-0.0717273837003489
0.0298569056996456
0.251351345099650
0.281630469899653
0.0282264629996405
0.121373895699648
0.0415794399996514
-0.114018998900349
0.0521901509996496
-0.763082444200350
0.0879441581996474
-0.187816388800357
0.184820303899642
0.140456106699645
-0.136337377900347
0.242445775199641
0.133799424999651
-0.163805923700352
-0.313721461300347
0.0466148077996422
-0.296173797500359
0.345600816299651
0.0390547416996441
-0.150239678200350
0.182353293099652
-0.195544215500348
-0.0111738314003560
-0.118062603600350
-0.721526340300358
0.254408108599648
0.135787670699642
-0.348014716100352
-0.506787026100355
-0.156773712000359
0.0672252383996437
-0.0136358347003522
0.0359532700996397
0.192269882799650
-0.0893428135003518
-0.148570849200354
0.118954907499642
0.0169063273996528
-0.0775239736003499
0.0437299526996497
0.177613885299650
-0.00952544880036044
0.113428054499650
-0.398086933600354
0.134673387199641
0.401183586999650
-0.364393599200355
-0.400656966000355
-0.569809144500354
-0.487547489300354
0.264850562399644
-0.827384060000355
-0.0764603353003537
-0.349360899800359
-0.0373671871003580
-0.106586064600350
-0.0964568788003533
0.0918052808996492
-0.0603341265003508
-0.0376329360003496
-1.25249326210036
0.229886454099642
-0.820439237900359
0.251903483099653
0.0415329996996405
-0.782011109700349
-0.0135616535003464
-0.526669058600348
-0.460917891200353
-0.0244918965003507
0.212454811199649
-0.484288356500358
-0.209497375600350
-0.170882584200356
-0.240070414300348
0.105292892599650
0.204842321799646
0.305742685999647
-0.0657921365003489
0.0724173137996473
0.216456368699653
-0.351992009900357
0.112101951399652
0.233925968799653
-0.464786617000357
-0.612298166500352
-0.329988665600354
0.0386501956996455
0.171394686399651
0.280225156999649
-0.0772071783003554
0.187959111799643
0.294159958899641
-0.583864474500359
0.0413794055996419
0.185510611399650
0.0269555634996408
-0.0523173475003489
-0.657032908800360
0.294915063199653
0.316146428099643
0.0268775174996421
-0.160371029500354
-0.442716224300355
0.249450177599641
0.0464593905996509
-0.287032127700357
0.373045187999651
0.0667434820996533
0.0873078548996489
0.265219892099651
-0.0893251105003543
-0.180427999400351
0.0519684795996511
-0.0534097838003476
-0.350370974100358
0.0107194814996490
0.214973807699650
0.156026925999640
0.333018902199640
-0.245466264100358
-0.0171508917003536
0.0786904345996504
-0.241732128700349
-0.325675455400358
-0.477300859500360
0.0111381600996481
0.105692735799650
0.138644443699647
-0.898120970000349
-0.0613078901003519
-0.603329575500354
0.0384269375996524
0.0814197690996394
0.137145578999650
-0.0920393974003559
-0.667763193000354
-0.616681797000354
-0.372129665700356
0.0790653882996395
0.135642578999651
0.334447911599654
0.451076706499649
-0.502024006300360
-0.748108469900359
-0.0810899135003496
-0.307110003900348
0.229425841099641
-0.136003091900349
0.177147839399652
-0.197373988300356
0.207879680399643
0.318560180999640
0.212183023699652
-0.286210980300353
0.0138020922996418
-0.454184807900347
0.129550470799643
0.0853650293996395
0.0655700003996458
-0.117059976000348
0.115075386699644
0.0118928830996481
-0.249755514000356
0.239885503799641
0.259605566899651
0.0246634445996534
0.201322433199650
0.206349719099649
0.250754152999647
0.279912390799652
-0.0927194025003502
0.152101539999649
-0.0682551647003464
-0.787784882800352
0.0523506555996534
0.0593374079996494
0.197684900399651
-0.103257091800359
-0.0207324097003578
0.263326962699651
-0.421432261600359
0.226626347499646
0.311462959599652
-0.761251375400349
-0.673768930700348
0.0427777625996413
