0.0121235221316165
0.00787980315161652
0.00652836995161654
0.0175992666016165
-0.00665425734838343
0.0129809659216165
0.00873967999161640
0.0110940657216165
0.0206344813916164
0.00592867238161654
0.0114196904616164
0.00655110457161645
0.0230359126016164
0.0168241074516164
0.0226962159916164
0.00920822000161636
0.0137402012716166
0.0106432042916165
0.0175348962116164
0.0177936975616164
0.0109390606116164
-0.0107151135883836
0.00378626459161646
0.0104773700216165
-0.00379634065838363
0.00998114219161650
-0.00805325769838361
0.0190272684916164
0.00391857592161649
0.0151548183616164
0.0252850020216164
0.0182457233916165
0.0137771423616164
0.0128771832216166
0.000716429061616397
0.0147601246816165
0.0215793915016165
0.0149253305116164
0.0116349956716164
0.0104859728616165
0.0205641772116165
0.00964133226161645
0.0137989220516164
-0.00230911373838349
0.00812630955161642
0.0146520472916165
0.00912670068161647
-0.00110844560838363
0.00394192997161658
0.0128035647616165
0.00891830522161641
0.0153814258016165
0.00960872712161653
-0.00711854077838359
0.000616358541616568
0.0199678601116164
0.0176374427116164
0.0229053694216164
0.0134185251516166
0.0219417508216164
0.0137471469316164
-0.000274852138383519
0.00933815177161645
0.0171399317116165
0.0232688195616164
0.0117431919116164
0.0100660611916166
0.000963950581616357
0.00296885870161656
0.00668118280161645
0.00581270076161644
0.00703359119161640
0.00690973556161656
0.00700377665161645
-0.00389904213838355
0.00952870920161653
0.0149860982416166
0.0164350678416165
-0.00638614092838363
0.0142050034816166
0.00792688219161652
0.00312087520161652
0.00641277465161649
0.0163670789216164
0.0145270282316166
0.0146516505116165
0.0144904461216164
0.00812615813161655
0.00852832508161638
0.0158362109416164
0.00977143619161658
0.00675298534161639
0.0121343756316166
-0.000551998928383535
0.00459019308161657
0.00565446827161642
0.0129065723316164
0.0113353741016164
0.0149187284416166
0.0110539639616165
0.0123084330516166
0.00758112710161640
-0.00414996355838349
0.00251922990161657
0.0192669574316164
0.0126519992016165
-0.000823802168383514
0.0231500024216165
0.0198118464016164
0.0209478095416165
0.0199458233916165
0.00864579210161653
0.00434239025161642
0.0177869993916164
-0.00234388330838353
0.000546610101616496
0.0135696916716164
0.0119618443616165
0.0104196770116165
0.0182560939616165
0.0160216513516165
0.0181065341616165
0.0224908692316164
-0.00101566315838353
0.00535884696161637
0.0206748068416165
-0.00428815206838351
0.0159454373816166
0.0212504918716165
0.0119992122816164
0.0158349935016164
0.00141167150161636
0.00441385551161644
0.0103928165616165
0.00421785287161658
0.0143030530516164
0.0168165751316165
0.00198106400161646
0.0125876564116165
0.00993157141161638
0.00797741469161650
0.0168100147716164
0.0195363739816166
0.0182234727016164
0.00972230982161637
0.0147812544716164
0.00772502643161643
0.0187703234916166
0.00409232998161646
0.0152084024516164
0.000610546101616372
0.00165077524161639
0.00851215575161657
0.00705582647161651
0.00255001955161638
0.0273850143716166
0.00300424459161652
-0.00868584798838357
0.0183052483616164
-0.00588817442838363
0.0127160580416166
-0.000498702378383564
0.0125801854416165
0.00899972889161638
-0.00146953614838363
0.0213202904916165
0.0168636530316164
-0.000670304288383550
0.00792295656161657
0.00235722205161637
-0.00372961336838351
0.00460257086161642
0.00515758210161654
0.00810288183161645
0.0104784759016165
-0.00225397093838353
0.0224763809616164
0.00744414495161649
0.00367197571161637
0.0181624209916165
0.0174785888016165
0.00417405114161640
0.0108288064816164
0.0131964567116165
0.0167845461616165
0.0162678167816164
0.0161708118816164
0.0245463329316165
0.00951153713161657
0.00932586079161646
0.0191760977616164
0.0100606134816166
0.0146337724716166
0.0154464360016164
0.0201313788916164
-0.00300300174838353
0.0128786891516164
0.00857471287161649
0.00730150084161640
0.00946451839161644
0.0157494704516166
0.0146323186616164
0.0243154563816164
-0.000212646018383555
0.00295238272161646
0.00470477210161646
0.000297230371616442
-0.00269498365838361
0.0138314284116166
0.0130352546716164
0.0118805262416164
0.00185414422161645
0.00766918344161649
0.0109508606016164
0.0189645214116165
0.0209795233416166
0.0193817671116165
0.0245309006816166
0.0179399876216164
-0.00122677084838352
0.0135857026816164
0.0106159643116164
0.00308516840161643
0.00615226590161644
0.0127669428516164
-0.00573268485838363
0.0255192231816164
0.00617608840161643
0.00721382405161641
0.0134723906316165
0.00730490507161652
0.0130017980416164
0.0195237510416164
0.0109122989916164
0.00778058809161641
0.00729918796161644
0.00980137365161649
0.00129450940161657
0.00850764906161650
-0.00276672073838347
0.00983645826161639
-0.00817305122838352
0.00499472354161656
0.0105198639216164
0.0137270647516166
0.00609827626161641
0.0152882028416164
0.00474136369161649
0.00261089168161655
0.00611818361161642
0.0203746376116165
0.0169172174016166
0.0169351055516165
0.00833695702161652
0.000912500201616373
0.00102200530161656
0.0110686517716165
0.0144245847416165
0.0151937175716164
0.0172722412116164
-0.00398708215838362
0.00356846546161638
0.0191099713316165
0.0116548202716165
-0.00271970517838360
0.00979063567161642
0.00373257398161653
0.00374641692161637
0.00675987483161644
0.0214306539616165
0.00593629111161653
0.0201570382016165
0.0195265269316165
0.0114150025416164
0.0189034426016164
0.0166393418716164
0.00801116005161640
0.00867556468161657
0.0151498625016164
0.0154108508316164
0.0184470888616164
0.0106826390516164
0.0234092490216165
0.00112253402161655
6.79294716163792e-05
0.0196579967716164
0.0127447908216165
0.0103863308916166
0.00620229752161650
0.00834110489161644
0.0177875258416165
0.00362474733161644
0.0158737991616165
0.0118836061016165
-0.00119049101838353
0.000350346161616555
0.0174029604916164
