0.0185984815110198
0.00901518745101981
0.0284777641910199
0.0279629138410198
-0.00545777590898022
0.0113677490510198
0.0303140111310198
0.0214592642910199
0.0335843783110199
0.0212030613610199
0.0162955975710197
0.0105057461110198
0.0176389023310197
0.0261817310810197
0.0263242552410199
0.0146187417510197
0.00898433649101982
0.0232934846510198
0.0103728240110197
0.0286794998110198
0.00624622279101983
0.0135338031710197
0.0114808240910198
0.00667630976101985
0.0176026687910198
0.0210374587110198
0.0185984815210198
0.0355756223910197
-0.00137189714898023
0.00465272294101982
0.0283316792610198
0.0274750388210199
0.0244090324810198
-0.000500067868980159
0.0241254715410197
0.0260087843110197
0.0293064356210198
0.00666933615101972
0.0120529616910199
0.0324445829710198
0.0166278703410199
0.0254153968110198
0.0322749126010198
0.0176554239710198
0.0155940624710198
0.00959372157101979
0.0190153803110198
0.0150121313310199
0.0247987699110197
0.0239677015910198
0.0258668345310198
0.0151197630410198
0.0144557384010198
0.0154035709810199
0.0123258041310197
0.0195996811310197
0.0237487573210198
0.0317933279210199
0.0343971777810197
0.0291733240510197
0.0318683354910199
0.0155678140110198
0.0155718011410197
0.00100656815101985
0.0136587558710197
0.0211958370310199
0.0217038214010199
0.0172680347610199
0.00860523694101989
0.0168138309010197
0.0177352969610198
0.00418263857101975
-0.000812877108980148
0.00724896785101969
0.00550574182101982
0.00755495716101984
0.0169134675410199
0.0248756640310197
0.00595537609101982
0.0112311087910197
0.0231765496010199
0.0264029481910197
0.00335068079101974
0.0167023370710198
0.0254019947910198
0.0173776231510199
0.0215437333910198
0.0309103984210197
0.0298506748310199
-0.00292256477898012
0.0131220352610197
0.0261839580210197
0.0253434678310198
0.0181163963610198
0.0148614818910198
0.00866551666101989
0.0233967688310197
0.0111282092210199
0.0149296211810197
0.0219827234110197
0.0121379822010197
0.0207896394410199
0.00662077453101984
0.00994644261101985
0.0245020763010198
0.0112216503510199
0.0145013238110199
0.0240893288510198
0.0237597418110198
0.0181263035010197
0.0137045630910198
0.0173920048210199
0.0136449817110198
0.0116464703210197
0.00388495337101991
0.0243888846010198
0.0176326085710199
0.0166924772010197
0.00926628160101983
0.0240898756510197
0.0309634001810197
0.0140138636310199
0.0197613788210198
0.0170995126910198
0.0242659001210197
0.0125394713010198
0.0166754539810199
0.0212554397210198
0.0139164178610198
0.0276896001010198
0.0215395562310199
0.0194075783410197
0.0149309810010199
0.0239748226410197
0.0274325613010198
0.0265949930010199
0.0152562271710197
0.0231600990210199
0.0324464048210198
0.0196144054810199
0.0190756021810199
0.0312628047010197
0.0158927145310197
0.0316476519310198
0.000320462951019840
0.0296224161910199
0.00637725880101980
0.0271673367010199
0.0162275904310198
0.0164747409910198
0.0129138017210197
0.00363462585101981
0.0168416791010197
0.0275646709510198
0.0146832124510199
0.0318797426310198
0.0246947789210199
0.0130163758210198
0.0342116162110198
0.0159210419810198
0.0152370323310198
0.0230632847510197
0.0277452388110198
0.0261624796210198
-0.00148752285898013
0.0255788112710198
0.0108724293410198
0.00900625720101989
0.0218329301310198
0.0123692584410198
0.0206188602110198
0.00622510988101976
0.0286316075410198
0.0173675984010198
0.0241385676410197
0.00324462277101989
0.0199325578510199
0.0165892099710199
0.0296052196510197
-0.00692708375898010
0.0305962270810198
0.0189430399310198
0.0237911265710198
0.0276718028210199
0.00502438845101971
0.0251832937610197
0.0199569981610197
0.0248244161010198
0.0219209503910198
0.0231591536510198
0.0215561439310199
0.0240596815510199
-0.00100604639898028
0.0118090019410197
0.0187831112410197
0.0101898085710197
0.0185135160910197
0.00282474863101978
0.0184258994410198
0.0109613826710198
0.0266874299810198
0.0255028919010198
0.0164252377710199
0.0127456149810199
0.000509797121019728
0.00491299962101977
0.0317205880010198
0.0192339529910197
0.00922851625101973
0.0183914436910198
0.0311587174910197
0.0214615246310197
0.0139026951110197
0.0121512925310199
0.0270994656410197
0.0263034793310197
0.00576871375101984
0.0166892516510198
0.0239181739610197
0.0176374127110197
0.0173540367510199
0.00940042553101983
0.0138889828710198
0.0351854998510197
0.00456167557101983
0.0168519594710197
0.0165664644710197
0.00166332655101975
0.0292219298510199
0.0216540142910198
0.0285742040710197
0.00136224092101989
0.0254004568710198
0.0127882659110199
0.0179198876110198
0.0205260463610197
0.0264745026410198
0.0137246761910197
0.0163957973410198
0.00955093702101983
0.0171429070910198
0.0199671279810199
0.00403034378101985
0.0258221931010199
0.0242513613410198
0.0178166347310198
0.0148527679310198
0.0139940240310199
0.0169321005010199
0.0232041161010197
0.0225124982610199
0.0161964636010199
0.0252191846310199
0.0226948696110199
0.00640683439101974
0.0127214629310197
0.0131764231710199
0.0138758648010198
0.0160275689610199
0.0175685407510198
0.0145112060610197
0.00305303686101976
0.0244926014110198
0.00749414013101979
0.0193804614310198
0.0325645702110198
0.000673571161019737
0.0190087964110197
0.0151815104310198
0.0101201901410197
0.0268088524410197
0.0190734733510198
0.0170312886910198
0.00559052748101974
0.0142698244510198
0.0196952448910197
0.0212580154010198
0.0191612521510198
0.0173966969210198
0.0162306092510198
0.0237837675710197
0.0157044231310197
0.0117760187610199
0.0192318416010198
0.0163469545010198
0.0189952628510197
0.0271060385810198
-0.00521306994898030
0.0170729314410198
0.0105945982210198
0.0158016541710198
0.0212142439110199
0.0218939414110197
0.0129940260410197
