-0.623660094158552
-1.50427790645854
0.311062968841455
-0.226839002758553
-1.94527475305854
-1.63956167975854
0.223606380541455
-0.437557286958551
-0.143693917658553
0.193914265641453
-0.828168599758541
-1.13076753405855
-2.17321543995854
-0.242271968358551
-0.637322301758545
-0.660493085858548
-1.85350277635855
-0.218879464558540
-2.10764145805855
-0.240870212458546
-2.01253014185855
0.226540853441449
-0.662919353258545
-1.81960582135855
0.0735095919414590
-0.404163991158541
-0.623660094258540
0.150362987941449
-2.35901052575855
-2.85340582585854
-0.837350961758546
-0.339110012858541
-0.259986981058546
-3.68603977735854
0.205972262341447
-0.188773005258540
-0.409408954258552
-2.54198923565855
-1.35909615865855
0.185782263241450
-1.63185249865855
-0.0138485956585441
0.0293870759414574
0.0132353840414510
-0.517261148158553
-2.18945522035855
-0.307895825258541
-0.242635707758552
-0.417109395458553
0.309384693641448
-0.313867287758541
-0.797440156058542
-1.37946651425855
-0.742631106858553
0.101364453541450
0.166206223041456
-0.678361632758552
0.00166987954145270
-0.228195865758551
0.0769252119414574
-0.305482178958542
-1.05415895805855
-0.239207017558542
-2.70270175465855
-1.54216226585855
-1.21638405285854
-0.461180446758547
-0.751342625858541
-0.949696631458551
-0.0639018843585433
-0.363000165258541
-1.91158346195854
-2.77823501105854
-1.43816594075855
-1.78311125715855
-0.612254194658547
-0.758874261658548
-0.267016312758543
-2.76275402085855
-0.0777092281585396
-0.291880456558545
0.0901943445414588
-1.61899398305854
-0.343257464258542
-0.323163261958541
-0.877594105458542
-0.533962652158550
0.0871095171414567
0.416419150141451
-3.60351248475855
-1.66023656055854
0.0155672143414591
0.208781434641452
-0.795011221458552
-0.0574603799585418
-1.07045147565854
-0.208521344758552
-1.64266924675854
-1.18956459415854
-0.303948362558543
-1.52059480025855
-0.277918643358547
-0.588671421958551
-0.877764466958553
-0.637387715158553
-1.37680268275855
-0.147331032358551
-1.15042785155855
-0.758401812658548
-1.34801777465854
-1.96396223575854
-0.477209355758546
-0.616361996758542
-2.05391316155854
-0.998041039258553
0.315508633241450
-1.04225331405854
-1.13714012305854
-1.47245336315855
-0.644423993458545
-4.60566585473998e-05
-1.54612628885855
-1.43220730495855
0.122210693041453
0.174243413641449
-2.13881096045854
0.288519542641453
-0.512325972058548
-2.00959939655854
0.0465367420414538
-0.716862021558541
0.0970544179414503
-0.458947953858541
-0.0812202045585480
0.318620399341455
0.0428203923414543
-1.38419424035855
0.344188669541452
0.270883233341451
-0.528573166058550
-0.260127633458552
0.131797531041457
-1.68576606085854
0.163655818641459
-2.69195564565855
-0.0109595784585537
-1.53073984265855
-0.440594797358543
-0.391071901258542
-1.21002402465855
-0.261737271658546
-1.51188505435854
-0.587682318058540
0.260808833441459
-0.175389989258548
-0.433524904158546
0.441638600541452
0.279420403741455
-0.129147795158545
0.246462495041456
-1.05587494035855
0.249435067041446
-0.00149551115855218
-0.0108440299585482
-1.95067070555855
-0.874530069458544
-2.08346605035855
-0.633575173458553
-0.120777585558542
-0.611162615558541
-0.101979784358548
-1.31387491105855
0.236455427641459
-0.403421611358553
-0.244033904358545
-2.32948297535854
0.157475228041449
-1.88799850805854
0.398548943741460
-3.28902428635854
-0.156513899258542
-1.09447759115855
0.106591535141447
0.140203899941454
-2.50414392795855
-0.661202734258552
-0.920306028258551
-0.411099113058540
-1.28724936215855
-0.0860554780585403
-0.116218981258541
-0.681481149558550
-2.96660790425855
-1.71398476165855
-0.872307594858540
-2.83440640155855
0.198974342541447
-2.76983915825855
-0.483940982058542
-1.07254795585855
-0.372229291058545
-0.864269745558545
-0.174637460258552
-0.600200665558546
-1.77759643235855
-1.03701587515855
-0.0747880956585476
-0.592386325858541
-0.968864913158541
-0.577242673058549
0.248816546941455
-0.941259691958550
-1.98030422465855
-2.29950439315854
-0.732666245858553
-0.440018905658548
-0.969489430958546
-0.865223354158545
-0.166573349158540
-0.238921104358553
-0.386251788458551
-1.84129778925855
0.0704366725414474
-0.211325724458547
-1.59790545995855
-0.452694251158547
-0.872092282158548
-2.38586832905855
-0.221284680658542
-0.554201272358540
0.395695594341447
-2.66597775055855
0.137690076941453
-0.409412822858542
-0.524431249958553
0.138395715941456
0.144255181241448
0.160913004641458
-0.374501006158553
-1.60534297705854
-0.960672152058550
-0.296714933358544
-3.17123744535854
0.182427953441447
0.400043008241454
-0.264823203358546
-1.81745838115855
-1.44149037325855
-1.02140950535855
-0.298800638458545
0.0969703623414517
-0.137334055558540
-0.220883580558549
-0.360043472858550
-2.43348495995855
-1.70369378895855
-0.0854542987585489
-0.413316890758551
-1.42141329735854
-0.763955444658549
-0.0824638002585516
-2.34198473315854
0.249939564741453
-1.18249856195855
-0.125714692158553
-0.0870440840585474
-2.28097367875854
-1.34288572695854
-1.77041217565855
-1.87111958145854
-0.354161335858549
-1.02484956015854
-0.549642246658550
-1.68584751955855
-1.42924250115854
-0.691702618858543
-0.869098818958548
-0.639213783958553
-1.75815780605855
-0.120043026558548
0.269976214141451
-1.68232082535854
-1.59236017775855
-0.505086198058550
-0.598136284758553
-0.477893056258552
-0.248398354458544
-2.99341317795854
-1.12003513995855
-1.53038183985855
-0.853885495758547
0.177517139441449
0.148451965541454
-1.78342200325855
